2	0.0000185357755795
3	0.0000143556638628
4	0.0000110211573349
5	0.0000087615269848
6	0.0000074292436584
7	0.0000066631318018
8	0.0000061183941949
9	0.0000056028759447
10	0.0000050560335737
12	0.0000041375593972
13	0.0000038526679448
14	0.0000036372742920
16	0.0000032307050429
17	0.0000030199479052
18	0.0000028398027153
20	0.0000025906135893
21	0.0000024953102071
23	0.0000022809366656
24	0.0000021761297101
26	0.0000020246625656
27	0.0000019641050404
29	0.0000018375591077
30	0.0000017745298912
32	0.0000016865964782
34	0.0000016124704155
35	0.0000015656436232
37	0.0000014679849325
39	0.0000013907359792
41	0.0000013260625497
43	0.0000012586516630
44	0.0000012310714251
46	0.0000011806916759
48	0.0000011274585316
50	0.0000010824848941
53	0.0000010292981184
55	0.0000009926489598
57	0.0000009618163938
59	0.0000009374357418
61	0.0000009047810524
64	0.0000008594229225
66	0.0000008353417927
68	0.0000008094231862
71	0.0000007758627109
73	0.0000007537842799
76	0.0000007258954253
78	0.0000007132908037
81	0.0000006852754321
84	0.0000006577655373
86	0.0000006387235706
89	0.0000006159830633
92	0.0000006045934176
95	0.0000005808117959
98	0.0000005611359663
101	0.0000005470577985
104	0.0000005311981867
108	0.0000005085730536
111	0.0000004979235263
114	0.0000004828767772
118	0.0000004631478620
121	0.0000004497502025
125	0.0000004380523506
128	0.0000004294676411
132	0.0000004170298670
136	0.0000004063628437
140	0.0000003935259562
144	0.0000003812015965
148	0.0000003705964916
152	0.0000003619311719
156	0.0000003520396844
160	0.0000003419245495
165	0.0000003308909756
169	0.0000003244065710
174	0.0000003165201344
178	0.0000003094176178
183	0.0000003044267232
188	0.0000002964209468
193	0.0000002892763253
198	0.0000002840837772
203	0.0000002772788745
208	0.0000002705692647
214	0.0000002641230832
219	0.0000002577515141
225	0.0000002490251475
230	0.0000002424513751
236	0.0000002356072656
242	0.0000002303961359
248	0.0000002261110335
255	0.0000002191662760
261	0.0000002162662883
267	0.0000002112833106
274	0.0000002064508525
281	0.0000002022257462
288	0.0000001976094191
295	0.0000001922390310
302	0.0000001873774708
309	0.0000001825034427
317	0.0000001787852334
325	0.0000001732298835
332	0.0000001711717486
340	0.0000001665572111
349	0.0000001622226619
357	0.0000001595247253
365	0.0000001557560394
374	0.0000001521772217
383	0.0000001484943831
392	0.0000001455017641
401	0.0000001417546459
411	0.0000001383040075
420	0.0000001362989804
430	0.0000001325672664
440	0.0000001296054721
450	0.0000001266018704
461	0.0000001235629765
472	0.0000001206122164
482	0.0000001173026644
494	0.0000001146228150
505	0.0000001124016457
517	0.0000001094655811
528	0.0000001068638834
541	0.0000001044432873
553	0.0000001024187082
566	0.0000001001182160
578	0.0000000976734151
592	0.0000000952003439
605	0.0000000930185339
619	0.0000000909855953
633	0.0000000894379599
647	0.0000000866922833
662	0.0000000848150215
677	0.0000000826354245
692	0.0000000810391484
707	0.0000000788744960
723	0.0000000771839834
739	0.0000000753427614
756	0.0000000737897826
773	0.0000000720889930
790	0.0000000697980293
808	0.0000000684536299
826	0.0000000665086363
844	0.0000000653332799
863	0.0000000636065914
882	0.0000000618961292
901	0.0000000605087949
921	0.0000000591632551
942	0.0000000578316281
962	0.0000000567551605
984	0.0000000555687131
0	0.0000000000000000
0	0.0000000000000000
0	0.0000000000000000
0	0.0000000000000000
0	0.0000000000000000
0	0.0000000000000000
0	0.0000000000000000
0	0.0000000000000000
0	0.0000000000000000
0	0.0000000000000000
0	0.0000000000000000
0	0.0000000000000000
0	0.0000000000000000
0	0.0000000000000000
0	0.0000000000000000
0	0.0000000000000000
0	0.0000000000000000
0	0.0000000000000000
0	0.0000000000000000
0	0.0000000000000000
0	0.0000000000000000
0	0.0000000000000000
0	0.0000000000000000
0	0.0000000000000000
0	0.0000000000000000
0	0.0000000000000000
0	0.0000000000000000
0	0.0000000000000000
0	0.0000000000000000
0	0.0000000000000000
0	0.0000000000000000
0	0.0000000000000000
0	0.0000000000000000
0	0.0000000000000000
0	0.0000000000000000
0	0.0000000000000000
0	0.0000000000000000
0	0.0000000000000000
0	0.0000000000000000
0	0.0000000000000000
0	0.0000000000000000
0	0.0000000000000000
0	0.0000000000000000
0	0.0000000000000000
0	0.0000000000000000
0	0.0000000000000000
0	0.0000000000000000
0	0.0000000000000000
0	0.0000000000000000
0	0.0000000000000000
0	0.0000000000000000
0	0.0000000000000000
0	0.0000000000000000
0	0.0000000000000000
0	0.0000000000000000
0	0.0000000000000000
0	0.0000000000000000
0	0.0000000000000000
0	0.0000000000000000
0	0.0000000000000000
0	0.0000000000000000
0	0.0000000000000000
0	0.0000000000000000
0	0.0000000000000000
0	0.0000000000000000
0	0.0000000000000000
0	0.0000000000000000
0	0.0000000000000000
0	0.0000000000000000
0	0.0000000000000000
0	0.0000000000000000
0	0.0000000000000000
0	0.0000000000000000
0	0.0000000000000000
0	0.0000000000000000
0	0.0000000000000000
0	0.0000000000000000
0	0.0000000000000000
0	0.0000000000000000
0	0.0000000000000000
0	0.0000000000000000
0	0.0000000000000000
0	0.0000000000000000
0	0.0000000000000000
0	0.0000000000000000
0	0.0000000000000000
0	0.0000000000000000
0	0.0000000000000000
0	0.0000000000000000
0	0.0000000000000000
0	0.0000000000000000
0	0.0000000000000000
0	0.0000000000000000
0	0.0000000000000000
0	0.0000000000000000
0	0.0000000000000000
0	0.0000000000000000
0	0.0000000000000000
0	0.0000000000000000
0	0.0000000000000000
0	0.0000000000000000
0	0.0000000000000000
0	0.0000000000000000
0	0.0000000000000000
0	0.0000000000000000
0	0.0000000000000000
0	0.0000000000000000
0	0.0000000000000000
0	0.0000000000000000
0	0.0000000000000000
0	0.0000000000000000
0	0.0000000000000000
0	0.0000000000000000
0	0.0000000000000000
0	0.0000000000000000
0	0.0000000000000000
0	0.0000000000000000
0	0.0000000000000000
0	0.0000000000000000
0	0.0000000000000000
0	0.0000000000000000
0	0.0000000000000000
0	0.0000000000000000
0	0.0000000000000000
0	0.0000000000000000
0	0.0000000000000000
0	0.0000000000000000
0	0.0000000000000000
0	0.0000000000000000
0	0.0000000000000000
0	0.0000000000000000
0	0.0000000000000000
0	0.0000000000000000
0	0.0000000000000000
0	0.0000000000000000
0	0.0000000000000000
0	0.0000000000000000
0	0.0000000000000000
0	0.0000000000000000
0	0.0000000000000000
0	0.0000000000000000
0	0.0000000000000000
0	0.0000000000000000
0	0.0000000000000000
0	0.0000000000000000
0	0.0000000000000000
0	0.0000000000000000
0	0.0000000000000000
0	0.0000000000000000
0	0.0000000000000000
0	0.0000000000000000
0	0.0000000000000000
0	0.0000000000000000
0	0.0000000000000000
0	0.0000000000000000
0	0.0000000000000000
0	0.0000000000000000
0	0.0000000000000000
0	0.0000000000000000
0	0.0000000000000000
0	0.0000000000000000
0	0.0000000000000000
0	0.0000000000000000
0	0.0000000000000000
0	0.0000000000000000
0	0.0000000000000000
0	0.0000000000000000
0	0.0000000000000000
0	0.0000000000000000
0	0.0000000000000000
0	0.0000000000000000
0	0.0000000000000000
0	0.0000000000000000
0	0.0000000000000000
0	0.0000000000000000
0	0.0000000000000000
0	0.0000000000000000
0	0.0000000000000000
0	0.0000000000000000
0	0.0000000000000000
0	0.0000000000000000
0	0.0000000000000000
0	0.0000000000000000
0	0.0000000000000000
0	0.0000000000000000
0	0.0000000000000000
0	0.0000000000000000
0	0.0000000000000000
0	0.0000000000000000
0	0.0000000000000000
0	0.0000000000000000
0	0.0000000000000000
0	0.0000000000000000
0	0.0000000000000000
0	0.0000000000000000
0	0.0000000000000000
0	0.0000000000000000
0	0.0000000000000000
0	0.0000000000000000
0	0.0000000000000000
0	0.0000000000000000
0	0.0000000000000000
0	0.0000000000000000
0	0.0000000000000000
0	0.0000000000000000
0	0.0000000000000000
0	0.0000000000000000
0	0.0000000000000000
0	0.0000000000000000
0	0.0000000000000000
0	0.0000000000000000
0	0.0000000000000000
0	0.0000000000000000
0	0.0000000000000000
0	0.0000000000000000
0	0.0000000000000000
0	0.0000000000000000
0	0.0000000000000000
0	0.0000000000000000
0	0.0000000000000000
0	0.0000000000000000
0	0.0000000000000000
0	0.0000000000000000
0	0.0000000000000000
0	0.0000000000000000
0	0.0000000000000000
0	0.0000000000000000
0	0.0000000000000000
0	0.0000000000000000
0	0.0000000000000000
0	0.0000000000000000
0	0.0000000000000000
0	0.0000000000000000
0	0.0000000000000000
0	0.0000000000000000
0	0.0000000000000000
0	0.0000000000000000
0	0.0000000000000000
0	0.0000000000000000
0	0.0000000000000000
0	0.0000000000000000
0	0.0000000000000000
0	0.0000000000000000
0	0.0000000000000000
0	0.0000000000000000
0	0.0000000000000000
0	0.0000000000000000
0	0.0000000000000000
0	0.0000000000000000
0	0.0000000000000000
0	0.0000000000000000
0	0.0000000000000000
0	0.0000000000000000
0	0.0000000000000000
0	0.0000000000000000
0	0.0000000000000000
0	0.0000000000000000
0	0.0000000000000000
0	0.0000000000000000
0	0.0000000000000000
0	0.0000000000000000
0	0.0000000000000000
0	0.0000000000000000
0	0.0000000000000000
0	0.0000000000000000
0	0.0000000000000000
0	0.0000000000000000
0	0.0000000000000000
0	0.0000000000000000
0	0.0000000000000000
0	0.0000000000000000
0	0.0000000000000000
0	0.0000000000000000
0	0.0000000000000000
0	0.0000000000000000
0	0.0000000000000000
0	0.0000000000000000
0	0.0000000000000000
0	0.0000000000000000
0	0.0000000000000000
0	0.0000000000000000
0	0.0000000000000000
0	0.0000000000000000
0	0.0000000000000000
0	0.0000000000000000
0	0.0000000000000000
0	0.0000000000000000
0	0.0000000000000000
0	0.0000000000000000
0	0.0000000000000000
0	0.0000000000000000
0	0.0000000000000000
0	0.0000000000000000
0	0.0000000000000000
0	0.0000000000000000
0	0.0000000000000000
0	0.0000000000000000
0	0.0000000000000000
0	0.0000000000000000
0	0.0000000000000000
0	0.0000000000000000
0	0.0000000000000000
0	0.0000000000000000
0	0.0000000000000000
0	0.0000000000000000
0	0.0000000000000000
0	0.0000000000000000
0	0.0000000000000000
0	0.0000000000000000
0	0.0000000000000000
0	0.0000000000000000
0	0.0000000000000000
0	0.0000000000000000
0	0.0000000000000000
0	0.0000000000000000
0	0.0000000000000000
0	0.0000000000000000
0	0.0000000000000000
0	0.0000000000000000
0	0.0000000000000000
0	0.0000000000000000
0	0.0000000000000000
0	0.0000000000000000
0	0.0000000000000000
0	0.0000000000000000
0	0.0000000000000000
0	0.0000000000000000
0	0.0000000000000000
0	0.0000000000000000
0	0.0000000000000000
0	0.0000000000000000
0	0.0000000000000000
0	0.0000000000000000
0	0.0000000000000000
0	0.0000000000000000
0	0.0000000000000000
0	0.0000000000000000
0	0.0000000000000000
0	0.0000000000000000
0	0.0000000000000000
0	0.0000000000000000
0	0.0000000000000000
0	0.0000000000000000
0	0.0000000000000000
0	0.0000000000000000
0	0.0000000000000000
0	0.0000000000000000
0	0.0000000000000000
0	0.0000000000000000
0	0.0000000000000000
0	0.0000000000000000
0	0.0000000000000000
0	0.0000000000000000
0	0.0000000000000000
0	0.0000000000000000
0	0.0000000000000000
0	0.0000000000000000
0	0.0000000000000000
0	0.0000000000000000
0	0.0000000000000000
0	0.0000000000000000
0	0.0000000000000000
0	0.0000000000000000
0	0.0000000000000000
0	0.0000000000000000
0	0.0000000000000000
0	0.0000000000000000
0	0.0000000000000000
0	0.0000000000000000
0	0.0000000000000000
0	0.0000000000000000
0	0.0000000000000000
0	0.0000000000000000
0	0.0000000000000000
0	0.0000000000000000
0	0.0000000000000000
0	0.0000000000000000
0	0.0000000000000000
0	0.0000000000000000
0	0.0000000000000000
0	0.0000000000000000
0	0.0000000000000000
0	0.0000000000000000
0	0.0000000000000000
0	0.0000000000000000
0	0.0000000000000000
0	0.0000000000000000
0	0.0000000000000000
0	0.0000000000000000
0	0.0000000000000000
0	0.0000000000000000
0	0.0000000000000000
0	0.0000000000000000
0	0.0000000000000000
0	0.0000000000000000
0	0.0000000000000000
0	0.0000000000000000
0	0.0000000000000000
0	0.0000000000000000
0	0.0000000000000000
0	0.0000000000000000
0	0.0000000000000000
0	0.0000000000000000
0	0.0000000000000000
0	0.0000000000000000
0	0.0000000000000000
0	0.0000000000000000
0	0.0000000000000000
0	0.0000000000000000
0	0.0000000000000000
0	0.0000000000000000
0	0.0000000000000000
0	0.0000000000000000
0	0.0000000000000000
0	0.0000000000000000
0	0.0000000000000000
0	0.0000000000000000
0	0.0000000000000000
0	0.0000000000000000
0	0.0000000000000000
0	0.0000000000000000
0	0.0000000000000000
0	0.0000000000000000
0	0.0000000000000000
0	0.0000000000000000
0	0.0000000000000000
0	0.0000000000000000
0	0.0000000000000000
0	0.0000000000000000
0	0.0000000000000000
0	0.0000000000000000
0	0.0000000000000000
0	0.0000000000000000
0	0.0000000000000000
0	0.0000000000000000
0	0.0000000000000000
0	0.0000000000000000
0	0.0000000000000000
0	0.0000000000000000
0	0.0000000000000000
0	0.0000000000000000
0	0.0000000000000000
0	0.0000000000000000
0	0.0000000000000000
0	0.0000000000000000
0	0.0000000000000000
0	0.0000000000000000
0	0.0000000000000000
0	0.0000000000000000
0	0.0000000000000000
0	0.0000000000000000
0	0.0000000000000000
0	0.0000000000000000
0	0.0000000000000000
0	0.0000000000000000
0	0.0000000000000000
0	0.0000000000000000
0	0.0000000000000000
0	0.0000000000000000
0	0.0000000000000000
0	0.0000000000000000
0	0.0000000000000000
0	0.0000000000000000
0	0.0000000000000000
0	0.0000000000000000
0	0.0000000000000000
0	0.0000000000000000
0	0.0000000000000000
0	0.0000000000000000
0	0.0000000000000000
0	0.0000000000000000
0	0.0000000000000000
0	0.0000000000000000
0	0.0000000000000000
0	0.0000000000000000
0	0.0000000000000000
0	0.0000000000000000
0	0.0000000000000000
0	0.0000000000000000
0	0.0000000000000000
0	0.0000000000000000
0	0.0000000000000000
0	0.0000000000000000
0	0.0000000000000000
0	0.0000000000000000
0	0.0000000000000000
0	0.0000000000000000
0	0.0000000000000000
0	0.0000000000000000
0	0.0000000000000000
0	0.0000000000000000
0	0.0000000000000000
0	0.0000000000000000
0	0.0000000000000000
0	0.0000000000000000
0	0.0000000000000000
0	0.0000000000000000
0	0.0000000000000000
0	0.0000000000000000
0	0.0000000000000000
0	0.0000000000000000
0	0.0000000000000000
0	0.0000000000000000
0	0.0000000000000000
0	0.0000000000000000
0	0.0000000000000000
0	0.0000000000000000
0	0.0000000000000000
0	0.0000000000000000
0	0.0000000000000000
0	0.0000000000000000
0	0.0000000000000000
0	0.0000000000000000
0	0.0000000000000000
0	0.0000000000000000
0	0.0000000000000000
0	0.0000000000000000
0	0.0000000000000000
0	0.0000000000000000
0	0.0000000000000000
0	0.0000000000000000
0	0.0000000000000000
0	0.0000000000000000
0	0.0000000000000000
0	0.0000000000000000
0	0.0000000000000000
0	0.0000000000000000
0	0.0000000000000000
0	0.0000000000000000
0	0.0000000000000000
0	0.0000000000000000
0	0.0000000000000000
0	0.0000000000000000
0	0.0000000000000000
0	0.0000000000000000
0	0.0000000000000000
0	0.0000000000000000
0	0.0000000000000000
0	0.0000000000000000
0	0.0000000000000000
0	0.0000000000000000
0	0.0000000000000000
0	0.0000000000000000
0	0.0000000000000000
0	0.0000000000000000
0	0.0000000000000000
0	0.0000000000000000
0	0.0000000000000000
0	0.0000000000000000
0	0.0000000000000000
0	0.0000000000000000
0	0.0000000000000000
0	0.0000000000000000
0	0.0000000000000000
0	0.0000000000000000
0	0.0000000000000000
0	0.0000000000000000
0	0.0000000000000000
0	0.0000000000000000
0	0.0000000000000000
0	0.0000000000000000
0	0.0000000000000000
0	0.0000000000000000
0	0.0000000000000000
0	0.0000000000000000
0	0.0000000000000000
0	0.0000000000000000
0	0.0000000000000000
0	0.0000000000000000
0	0.0000000000000000
0	0.0000000000000000
0	0.0000000000000000
0	0.0000000000000000
0	0.0000000000000000
0	0.0000000000000000
0	0.0000000000000000
0	0.0000000000000000
0	0.0000000000000000
0	0.0000000000000000
0	0.0000000000000000
0	0.0000000000000000
0	0.0000000000000000
0	0.0000000000000000
0	0.0000000000000000
0	0.0000000000000000
0	0.0000000000000000
0	0.0000000000000000
0	0.0000000000000000
0	0.0000000000000000
0	0.0000000000000000
0	0.0000000000000000
0	0.0000000000000000
0	0.0000000000000000
0	0.0000000000000000
0	0.0000000000000000
0	0.0000000000000000
0	0.0000000000000000
0	0.0000000000000000
0	0.0000000000000000
0	0.0000000000000000
0	0.0000000000000000
0	0.0000000000000000
0	0.0000000000000000
0	0.0000000000000000
0	0.0000000000000000
0	0.0000000000000000
0	0.0000000000000000
0	0.0000000000000000
0	0.0000000000000000
0	0.0000000000000000
0	0.0000000000000000
0	0.0000000000000000
0	0.0000000000000000
0	0.0000000000000000
0	0.0000000000000000
0	0.0000000000000000
0	0.0000000000000000
0	0.0000000000000000
0	0.0000000000000000
0	0.0000000000000000
0	0.0000000000000000
0	0.0000000000000000
0	0.0000000000000000
0	0.0000000000000000
0	0.0000000000000000
0	0.0000000000000000
0	0.0000000000000000
0	0.0000000000000000
0	0.0000000000000000
0	0.0000000000000000
0	0.0000000000000000
0	0.0000000000000000
0	0.0000000000000000
0	0.0000000000000000
0	0.0000000000000000
0	0.0000000000000000
0	0.0000000000000000
0	0.0000000000000000
0	0.0000000000000000
0	0.0000000000000000
0	0.0000000000000000
0	0.0000000000000000
0	0.0000000000000000
0	0.0000000000000000
0	0.0000000000000000
0	0.0000000000000000
0	0.0000000000000000
0	0.0000000000000000
0	0.0000000000000000
0	0.0000000000000000
0	0.0000000000000000
0	0.0000000000000000
0	0.0000000000000000
0	0.0000000000000000
0	0.0000000000000000
0	0.0000000000000000
0	0.0000000000000000
0	0.0000000000000000
0	0.0000000000000000
0	0.0000000000000000
0	0.0000000000000000
0	0.0000000000000000
0	0.0000000000000000
0	0.0000000000000000
0	0.0000000000000000
0	0.0000000000000000
0	0.0000000000000000
0	0.0000000000000000
0	0.0000000000000000
0	0.0000000000000000
0	0.0000000000000000
0	0.0000000000000000
0	0.0000000000000000
0	0.0000000000000000
0	0.0000000000000000
0	0.0000000000000000
0	0.0000000000000000
0	0.0000000000000000
0	0.0000000000000000
0	0.0000000000000000
0	0.0000000000000000
0	0.0000000000000000
0	0.0000000000000000
0	0.0000000000000000
0	0.0000000000000000
0	0.0000000000000000
0	0.0000000000000000
0	0.0000000000000000
0	0.0000000000000000
0	0.0000000000000000
0	0.0000000000000000
0	0.0000000000000000
0	0.0000000000000000
0	0.0000000000000000
0	0.0000000000000000
0	0.0000000000000000
0	0.0000000000000000
0	0.0000000000000000
0	0.0000000000000000
0	0.0000000000000000
0	0.0000000000000000
0	0.0000000000000000
0	0.0000000000000000
0	0.0000000000000000
0	0.0000000000000000
0	0.0000000000000000
0	0.0000000000000000
0	0.0000000000000000
0	0.0000000000000000
0	0.0000000000000000
0	0.0000000000000000
0	0.0000000000000000
0	0.0000000000000000
0	0.0000000000000000
0	0.0000000000000000
0	0.0000000000000000
0	0.0000000000000000
0	0.0000000000000000
0	0.0000000000000000
0	0.0000000000000000
0	0.0000000000000000
0	0.0000000000000000
0	0.0000000000000000
0	0.0000000000000000
0	0.0000000000000000
0	0.0000000000000000
0	0.0000000000000000
0	0.0000000000000000
0	0.0000000000000000
0	0.0000000000000000
0	0.0000000000000000
0	0.0000000000000000
0	0.0000000000000000
0	0.0000000000000000
0	0.0000000000000000
0	0.0000000000000000
0	0.0000000000000000
0	0.0000000000000000
0	0.0000000000000000
0	0.0000000000000000
0	0.0000000000000000
0	0.0000000000000000
0	0.0000000000000000
0	0.0000000000000000
0	0.0000000000000000
0	0.0000000000000000
0	0.0000000000000000
0	0.0000000000000000
0	0.0000000000000000
0	0.0000000000000000
0	0.0000000000000000
0	0.0000000000000000
0	0.0000000000000000
0	0.0000000000000000
0	0.0000000000000000
0	0.0000000000000000
0	0.0000000000000000
0	0.0000000000000000
0	0.0000000000000000
0	0.0000000000000000
0	0.0000000000000000
0	0.0000000000000000
0	0.0000000000000000
0	0.0000000000000000
0	0.0000000000000000
0	0.0000000000000000
0	0.0000000000000000
0	0.0000000000000000
0	0.0000000000000000
0	0.0000000000000000
0	0.0000000000000000
0	0.0000000000000000
0	0.0000000000000000
0	0.0000000000000000
0	0.0000000000000000
0	0.0000000000000000
0	0.0000000000000000
0	0.0000000000000000
0	0.0000000000000000
0	0.0000000000000000
0	0.0000000000000000
0	0.0000000000000000
0	0.0000000000000000
0	0.0000000000000000
0	0.0000000000000000
0	0.0000000000000000
0	0.0000000000000000
0	0.0000000000000000
0	0.0000000000000000
0	0.0000000000000000
0	0.0000000000000000
0	0.0000000000000000
0	0.0000000000000000
0	0.0000000000000000
0	0.0000000000000000
0	0.0000000000000000
0	0.0000000000000000
0	0.0000000000000000
0	0.0000000000000000
0	0.0000000000000000
0	0.0000000000000000
0	0.0000000000000000
0	0.0000000000000000
0	0.0000000000000000
0	0.0000000000000000
0	0.0000000000000000
0	0.0000000000000000
0	0.0000000000000000
0	0.0000000000000000
0	0.0000000000000000
0	0.0000000000000000
0	0.0000000000000000
0	0.0000000000000000
0	0.0000000000000000
0	0.0000000000000000
0	0.0000000000000000
0	0.0000000000000000
0	0.0000000000000000
0	0.0000000000000000
0	0.0000000000000000
0	0.0000000000000000
0	0.0000000000000000
0	0.0000000000000000
0	0.0000000000000000
0	0.0000000000000000
0	0.0000000000000000
0	0.0000000000000000
0	0.0000000000000000
0	0.0000000000000000
0	0.0000000000000000
0	0.0000000000000000
0	0.0000000000000000
0	0.0000000000000000
0	0.0000000000000000
0	0.0000000000000000
0	0.0000000000000000
0	0.0000000000000000
0	0.0000000000000000
0	0.0000000000000000
0	0.0000000000000000
0	0.0000000000000000
0	0.0000000000000000
0	0.0000000000000000
0	0.0000000000000000
0	0.0000000000000000
0	0.0000000000000000
0	0.0000000000000000
0	0.0000000000000000
0	0.0000000000000000
0	0.0000000000000000
0	0.0000000000000000
0	0.0000000000000000
0	0.0000000000000000
