1	0.2670936325032452
2	0.2654911752143994
3	0.2631092071073677
4	0.2600744086247934
5	0.2565040700246716
6	0.2524944442025918
7	0.2481065766000334
8	0.2433852489509557
9	0.2383863226984156
10	0.2331631641988651
11	0.2277659054756212
12	0.2222421052958728
13	0.2166353414526536
14	0.2109811090975918
15	0.2053121378408417
16	0.1996588831022588
17	0.1940551592445974
18	0.1885321478409185
19	0.1831119160423687
20	0.1778119456389703
21	0.1726433563725643
22	0.1676232696279055
23	0.1627720483118378
24	0.1581038859200771
25	0.1536261242232332
26	0.1493534330012893
27	0.1452947229669606
28	0.1414650040896463
29	0.1378547184045910
30	0.1344401219265025
31	0.1311975042018525
32	0.1280954209390008
33	0.1251095545696810
34	0.1222283299969773
35	0.1194381252215499
36	0.1167235362858509
37	0.1140712758405140
38	0.1114706258714498
39	0.1089171412736623
40	0.1064040067984967
41	0.1039288068792929
42	0.1014965069090062
43	0.0991117209326235
44	0.0967764773011158
45	0.0944903299919380
46	0.0922573076063610
47	0.0900812702118301
48	0.0879650151465556
50	0.0839359621431580
52	0.0802203693125806
54	0.0768562363439953
56	0.0738728100448165
58	0.0712556588086281
60	0.0689587248118275
62	0.0669326639036662
64	0.0651313908560888
66	0.0634977837533411
68	0.0619881808491881
70	0.0605647631216407
72	0.0592034743960584
74	0.0579018508882035
76	0.0566603765523813
78	0.0554748145420964
80	0.0543431671993635
82	0.0532657436452017
84	0.0522454613983104
86	0.0512800852516641
88	0.0503615953359572
90	0.0494859726010926
92	0.0486478984149716
94	0.0478386782132522
96	0.0470422771074774
99	0.0458369932439922
102	0.0446105340808877
105	0.0433709747704922
108	0.0421420265107215
111	0.0409501253276860
114	0.0398220431848360
117	0.0387739169867206
120	0.0378184612461306
123	0.0369645597673555
126	0.0362003320800934
129	0.0355030277038764
132	0.0348564372822126
135	0.0342442999962425
138	0.0336501659132236
141	0.0330645466521252
144	0.0324896652178490
148	0.0317545715588406
152	0.0310695760650502
156	0.0304391748434032
160	0.0298319728735679
164	0.0292184141366180
168	0.0285705732453900
172	0.0278851883522993
176	0.0272050209468845
180	0.0265696419658653
184	0.0259972988776617
188	0.0254842901484255
192	0.0250214650199784
197	0.0244669703217799
202	0.0238972688878903
207	0.0233273602771308
212	0.0227849307226403
217	0.0222840541065048
222	0.0218185777567449
227	0.0213710827318895
232	0.0209092761573440
237	0.0204270620485896
242	0.0199552535984870
248	0.0194407565336636
254	0.0190017295338276
260	0.0186081833926333
266	0.0182298600527298
272	0.0178491933834907
278	0.0174730780443053
284	0.0171128685609677
290	0.0167618053449989
297	0.0163377975152735
304	0.0159091168820629
311	0.0155102305022291
318	0.0151747930441478
325	0.0149007901020496
332	0.0146505512271234
339	0.0143972895128107
347	0.0140945072601524
355	0.0138006914998433
363	0.0134975983920833
371	0.0131947220340583
379	0.0129159977213717
387	0.0126643102741118
396	0.0123950478679488
405	0.0121307092556539
414	0.0118802001417178
423	0.0116320738839524
432	0.0113897154561243
442	0.0111194183209244
452	0.0108648860706028
462	0.0106288675791528
472	0.0104111525334220
482	0.0101898578586611
493	0.0099281977352947
504	0.0096906619097788
515	0.0094752649173271
526	0.0092555303895867
538	0.0090537041180755
550	0.0088581430023059
562	0.0086500672659130
574	0.0084813767481601
587	0.0082880783932766
600	0.0081009314120985
613	0.0079218352302565
626	0.0077428810392299
640	0.0075856560122232
654	0.0074299186850048
668	0.0072725862734676
683	0.0071170027727069
698	0.0069722265247090
713	0.0068239612961461
728	0.0066918296020647
744	0.0065440797266595
760	0.0064087927463883
776	0.0062718534357568
793	0.0061291887080622
810	0.0059694875164716
828	0.0058147813226655
846	0.0056484925542814
864	0.0055194313127069
883	0.0053697834404892
902	0.0052391554904289
921	0.0051210222659521
941	0.0050074326426238
961	0.0048987251744941
982	0.0047947177979429
1003	0.0046912845958198
1025	0.0045934537289195
1047	0.0045083284881220
1069	0.0044057908486404
1092	0.0043149357657537
1115	0.0042320701552829
1139	0.0041429330043254
1163	0.0040593196574581
1188	0.0039777125422686
1213	0.0038921884463939
1239	0.0038044868403181
1266	0.0037239540229286
1293	0.0036472946531309
1321	0.0035764158958495
1349	0.0034995620933094
1378	0.0034130179272670
1407	0.0033456839667810
1437	0.0032759081262756
1468	0.0032014840362645
1499	0.0031343160881871
1531	0.0030681445539880
1564	0.0030004382079373
1597	0.0029393391309186
1631	0.0028856011332593
1666	0.0028244575370972
1701	0.0027716850590050
1737	0.0027189741628435
1774	0.0026662188741451
1812	0.0026143338508954
1851	0.0025648659533738
1890	0.0025129567420477
1930	0.0024675096717403
1971	0.0024327080818725
2013	0.0023931261307110
2056	0.0023612832820834
2100	0.0023217568325500
2145	0.0022886485681658
2191	0.0022476869514104
2238	0.0022035488906878
2285	0.0021594558526609
2333	0.0021145741284956
2382	0.0020724627142888
2433	0.0020311925335126
2485	0.0019815982006323
2538	0.0019365825432320
2592	0.0018922029047195
2647	0.0018471045806966
2703	0.0018037538025504
2760	0.0017588097686578
2818	0.0017144142616498
2878	0.0016736794563371
2939	0.0016353112996163
3001	0.0016007412590281
3065	0.0015640014293306
3130	0.0015312804996200
3196	0.0014936668580768
3264	0.0014520589233796
3333	0.0014165178787393
3403	0.0013863483014924
3475	0.0013570146083348
3548	0.0013239036365804
3623	0.0012924828665348
3700	0.0012641302366455
3778	0.0012308043596639
3858	0.0011947255807160
3940	0.0011623894213802
4023	0.0011349289808651
4108	0.0011091678784372
4195	0.0010837314756191
4284	0.0010547949226149
4374	0.0010320303524004
4466	0.0010090096718986
4560	0.0009911480830669
4656	0.0009740281482620
4754	0.0009544167254962
4854	0.0009306655487138
4956	0.0009048593006020
5061	0.0008817209686229
5168	0.0008587851708317
5277	0.0008390817077798
5388	0.0008243393222650
5502	0.0008055090009844
5618	0.0007855278718444
5736	0.0007664327876646
5857	0.0007485172040480
5980	0.0007269598875503
6106	0.0007077449133053
6235	0.0006905336714565
6366	0.0006734629808656
6500	0.0006526280196496
6637	0.0006324339544484
6777	0.0006115456405854
6920	0.0005929406733582
7066	0.0005724452734266
7215	0.0005494820064715
7367	0.0005299091298820
7522	0.0005108358762394
7680	0.0004929790372861
7842	0.0004776041515248
8007	0.0004657288322777
8176	0.0004517114987615
8348	0.0004396390235937
8524	0.0004242503786298
8704	0.0004077293869573
8887	0.0003920251780119
9074	0.0003795005974178
9265	0.0003726958364863
9460	0.0003653954649434
9659	0.0003594708290910
9862	0.0003502462451047
10070	0.0003420589856614
10282	0.0003350812849078
10498	0.0003255723299423
10719	0.0003174238136261
10945	0.0003111094531623
11175	0.0003066156207601
11410	0.0003020527687469
11650	0.0002974304720586
11895	0.0002945608578296
12145	0.0002895950197598
12401	0.0002855495337543
12662	0.0002830719303646
12928	0.0002799855900019
13200	0.0002739529129602
13478	0.0002681925229266
13762	0.0002624328306167
14052	0.0002571117127602
14348	0.0002538946141536
14650	0.0002489565272922
14958	0.0002448715338627
15273	0.0002442345404285
15594	0.0002418055027518
15922	0.0002402674427390
16257	0.0002380802651519
16599	0.0002364284560435
16948	0.0002356010908384
17304	0.0002340663909659
17668	0.0002310992994614
18040	0.0002273622192547
18419	0.0002250947474527
18806	0.0002212394451328
19201	0.0002163077113310
19605	0.0002095134974779
20017	0.0002025709057852
20438	0.0001966831088579
20868	0.0001889153603821
21307	0.0001814238082036
21755	0.0001781934534892
22212	0.0001737947362526
22679	0.0001692650752957
23156	0.0001671806049866
23643	0.0001647225974211
24140	0.0001634575805592
24647	0.0001598593530806
25165	0.0001572735136471
25694	0.0001541775520371
26234	0.0001512711568981
26785	0.0001493894293898
27348	0.0001458565782283
27923	0.0001419450025287
28510	0.0001391047705738
29109	0.0001359036824551
29721	0.0001323806475477
30346	0.0001297655083490
30984	0.0001281438701739
31635	0.0001264412010987
32300	0.0001236358439564
32979	0.0001213117037958
33672	0.0001172388095649
34380	0.0001120434731221
35102	0.0001072109249766
35840	0.0001027834504676
36593	0.0000994130401187
37362	0.0000954224245378
38147	0.0000927627511862
38949	0.0000911697804299
39767	0.0000897067855378
40603	0.0000887993966967
41456	0.0000867473404958
42327	0.0000836342107783
43216	0.0000785801456482
44124	0.0000742141075294
45051	0.0000705188652418
45998	0.0000661496169685
46964	0.0000635695802974
47951	0.0000610136076971
48958	0.0000582896595185
49987	0.0000558613876225
51037	0.0000542200453230
52109	0.0000517999259886
53204	0.0000507327785542
54322	0.0000496670695296
55463	0.0000480782951009
56628	0.0000467330074422
57818	0.0000443160690499
59033	0.0000416549997982
60273	0.0000382481456857
61539	0.0000367029396527
62832	0.0000358469206314
64152	0.0000353842374622
65500	0.0000360203641982
66876	0.0000354646924684
68281	0.0000366505122589
69715	0.0000368943334875
71180	0.0000363617971777
72675	0.0000350259313614
74202	0.0000348607929314
75761	0.0000339102111205
77352	0.0000331092559431
78977	0.0000333929730863
80636	0.0000331360568270
82330	0.0000314241834316
84059	0.0000297497567371
85825	0.0000285491511217
87628	0.0000274562447990
89469	0.0000268020338487
91348	0.0000265654234518
93267	0.0000259093915982
95226	0.0000239416358205
97226	0.0000222623458518
99268	0.0000215071976786
101353	0.0000212875552852
103482	0.0000209306212973
105656	0.0000201693172218
107875	0.0000197543654818
110141	0.0000192496116111
112454	0.0000187753776431
114816	0.0000180947888710
117228	0.0000180780659450
119690	0.0000182663034088
122204	0.0000178099111434
124771	0.0000178134863765
127392	0.0000174891411059
130068	0.0000172730011979
132800	0.0000180091319390
135589	0.0000173430498697
138437	0.0000167388616279
141345	0.0000175502013535
144314	0.0000172532791923
147345	0.0000166954441813
150440	0.0000156511477807
153600	0.0000152134961084
156826	0.0000149452357077
160120	0.0000133856944456
163483	0.0000130500894340
166917	0.0000132334820411
170423	0.0000132345770034
174002	0.0000124580690752
177657	0.0000125522620871
181388	0.0000126855468066
185198	0.0000120763079476
189088	0.0000121251422190
193059	0.0000126118075693
197114	0.0000118525444920
201254	0.0000117332098775
205481	0.0000113899101814
209797	0.0000109018104404
214203	0.0000106752193863
218702	0.0000110833992453
223295	0.0000106778033961
227985	0.0000108277470184
232773	0.0000108792939422
237662	0.0000103283005344
242653	0.0000105139158618
247749	0.0000100195517890
252952	0.0000095527385936
258264	0.0000093753133455
263688	0.0000088130845845
269226	0.0000086121863245
274880	0.0000081491891588
280653	0.0000081110433162
286547	0.0000079011970158
292565	0.0000081117807060
298709	0.0000075443547161
304982	0.0000071249379911
311387	0.0000067657535941
317927	0.0000067461066611
324604	0.0000066198671364
331421	0.0000067448151120
338381	0.0000065780055251
345488	0.0000066228061518
352744	0.0000063909057664
360152	0.0000062886650155
367716	0.0000064742471875
375439	0.0000064894669595
383324	0.0000065154313107
391374	0.0000065816735656
399593	0.0000062232734488
407985	0.0000058829318464
416553	0.0000056825711885
425301	0.0000054851005151
434233	0.0000054754032086
443352	0.0000055032406567
452663	0.0000053205311753
462169	0.0000054386998919
471875	0.0000056594560056
481785	0.0000056411016004
491903	0.0000056444927106
502233	0.0000055239624600
512780	0.0000052127398664
523549	0.0000051737724917
534544	0.0000052600458076
545770	0.0000052656101141
557232	0.0000051895901978
568934	0.0000051851587043
580882	0.0000051266811154
593081	0.0000050239067176
605536	0.0000049241145231
618253	0.0000047081252113
631237	0.0000046432772628
644493	0.0000045559929986
658028	0.0000045492174505
671847	0.0000045725229553
685956	0.0000045757338381
700362	0.0000044716962680
715070	0.0000043622956368
730087	0.0000043132692954
745419	0.0000043046293533
761073	0.0000043021132371
777056	0.0000044053095934
793375	0.0000043887014973
810036	0.0000042624920604
827047	0.0000042017234280
844415	0.0000041321084507
862148	0.0000040983946418
880254	0.0000040927822894
898740	0.0000040527703164
917614	0.0000039992598380
936884	0.0000039402931985
956559	0.0000038746952831
976647	0.0000038833812779
997157	0.0000038436718934
1018098	0.0000038718350862
1039479	0.0000038804830829
1061309	0.0000038093488834
1083597	0.0000037828337613
1106353	0.0000037592175485
1129587	0.0000037706753781
1153309	0.0000036755230551
1177529	0.0000036559097086
1202258	0.0000036255130293
1227506	0.0000036099115755
1253284	0.0000036191266126
1279603	0.0000036635834199
1306475	0.0000036278923538
1333911	0.0000036045667163
1361924	0.0000036241818497
1390525	0.0000036306915945
1419727	0.0000035593766967
1449542	0.0000035245807452
1479983	0.0000034975906472
1511063	0.0000034676480655
1542796	0.0000034645319388
1575195	0.0000034541659868
1608275	0.0000034439340658
1642049	0.0000034626636678
1676533	0.0000034460328635
1711741	0.0000034244982937
1747688	0.0000034218151273
1784390	0.0000033836692401
1821863	0.0000033679206159
1860123	0.0000033697769244
1899186	0.0000033395615281
1939069	0.0000033514969321
1979790	0.0000033225588324
2021366	0.0000033431967986
2063815	0.0000033365653076
2107156	0.0000033273370951
2151407	0.0000033297794707
2196587	0.0000033132971254
2242716	0.0000033328124508
2289814	0.0000033113964647
2337901	0.0000032909596525
2386997	0.0000033148721587
2437124	0.0000033149985615
2488304	0.0000032840038442
2540559	0.0000032534432643
2593911	0.0000032358639367
2648384	0.0000032239713920
2704001	0.0000032102371275
2760786	0.0000032285624830
2818763	0.0000032189076633
2877958	0.0000032078339027
2938396	0.0000032092116417
3000103	0.0000031852973613
3063106	0.0000031848798910
3127432	0.0000031789984566
3193109	0.0000031519732691
3260165	0.0000031539409398
3328629	0.0000031702444940
3398531	0.0000031537537882
3469901	0.0000031485126661
3542769	0.0000031504977620
3617168	0.0000031463950437
3693129	0.0000031381688935
3770685	0.0000031380152353
3849870	0.0000031313390921
3930718	0.0000031136728130
4013264	0.0000031165069976
4097543	0.0000031123404871
4183592	0.0000031067142620
4271448	0.0000031018304000
4361149	0.0000031076945542
4452734	0.0000031120728537
4546242	0.0000031148199775
4641714	0.0000031183568272
4739190	0.0000031067721493
4838713	0.0000031121989875
4940326	0.0000031198163078
5044073	0.0000031168685104
5149999	0.0000030964327173
5258149	0.0000031035991501
5368571	0.0000031037136319
5481311	0.0000030881317814
5596419	0.0000030940562601
5713944	0.0000030919786585
5833937	0.0000030823764447
5956450	0.0000030768908468
6081536	0.0000030773123852
6209249	0.0000030807584008
6339644	0.0000030816721535
6472777	0.0000030777320176
6608706	0.0000030812326012
6747489	0.0000030775411452
6889187	0.0000030683052719
7033860	0.0000030621494485
7181572	0.0000030544305952
7332386	0.0000030690970736
7486367	0.0000030604425741
7643581	0.0000030676233239
7804097	0.0000030670256829
7967984	0.0000030576135961
8135312	0.0000030671563244
8306154	0.0000030562361229
8480584	0.0000030447196704
8658677	0.0000030391588145
8840510	0.0000030388823637
9026161	0.0000030382123221
9215711	0.0000030381889243
9409241	0.0000030282354999
9606836	0.0000030279040153
9808580	0.0000030282102230
0	0.0000000000000000
0	0.0000000000000000
0	0.0000000000000000
0	0.0000000000000000
0	0.0000000000000000
0	0.0000000000000000
0	0.0000000000000000
0	0.0000000000000000
0	0.0000000000000000
0	0.0000000000000000
0	0.0000000000000000
0	0.0000000000000000
0	0.0000000000000000
0	0.0000000000000000
0	0.0000000000000000
0	0.0000000000000000
0	0.0000000000000000
0	0.0000000000000000
0	0.0000000000000000
0	0.0000000000000000
0	0.0000000000000000
0	0.0000000000000000
0	0.0000000000000000
0	0.0000000000000000
0	0.0000000000000000
0	0.0000000000000000
0	0.0000000000000000
0	0.0000000000000000
0	0.0000000000000000
0	0.0000000000000000
0	0.0000000000000000
0	0.0000000000000000
0	0.0000000000000000
0	0.0000000000000000
0	0.0000000000000000
0	0.0000000000000000
0	0.0000000000000000
0	0.0000000000000000
0	0.0000000000000000
0	0.0000000000000000
0	0.0000000000000000
0	0.0000000000000000
0	0.0000000000000000
0	0.0000000000000000
0	0.0000000000000000
0	0.0000000000000000
0	0.0000000000000000
0	0.0000000000000000
0	0.0000000000000000
0	0.0000000000000000
0	0.0000000000000000
0	0.0000000000000000
0	0.0000000000000000
0	0.0000000000000000
0	0.0000000000000000
0	0.0000000000000000
0	0.0000000000000000
0	0.0000000000000000
0	0.0000000000000000
0	0.0000000000000000
0	0.0000000000000000
0	0.0000000000000000
0	0.0000000000000000
0	0.0000000000000000
0	0.0000000000000000
0	0.0000000000000000
0	0.0000000000000000
0	0.0000000000000000
0	0.0000000000000000
0	0.0000000000000000
0	0.0000000000000000
0	0.0000000000000000
0	0.0000000000000000
0	0.0000000000000000
0	0.0000000000000000
0	0.0000000000000000
0	0.0000000000000000
0	0.0000000000000000
0	0.0000000000000000
0	0.0000000000000000
0	0.0000000000000000
0	0.0000000000000000
0	0.0000000000000000
0	0.0000000000000000
0	0.0000000000000000
0	0.0000000000000000
0	0.0000000000000000
0	0.0000000000000000
0	0.0000000000000000
0	0.0000000000000000
0	0.0000000000000000
0	0.0000000000000000
0	0.0000000000000000
0	0.0000000000000000
0	0.0000000000000000
0	0.0000000000000000
0	0.0000000000000000
0	0.0000000000000000
0	0.0000000000000000
0	0.0000000000000000
0	0.0000000000000000
0	0.0000000000000000
0	0.0000000000000000
0	0.0000000000000000
0	0.0000000000000000
0	0.0000000000000000
0	0.0000000000000000
0	0.0000000000000000
0	0.0000000000000000
0	0.0000000000000000
0	0.0000000000000000
0	0.0000000000000000
0	0.0000000000000000
0	0.0000000000000000
0	0.0000000000000000
0	0.0000000000000000
0	0.0000000000000000
0	0.0000000000000000
0	0.0000000000000000
0	0.0000000000000000
0	0.0000000000000000
0	0.0000000000000000
0	0.0000000000000000
0	0.0000000000000000
0	0.0000000000000000
0	0.0000000000000000
0	0.0000000000000000
0	0.0000000000000000
0	0.0000000000000000
0	0.0000000000000000
0	0.0000000000000000
0	0.0000000000000000
0	0.0000000000000000
0	0.0000000000000000
0	0.0000000000000000
0	0.0000000000000000
0	0.0000000000000000
0	0.0000000000000000
0	0.0000000000000000
0	0.0000000000000000
0	0.0000000000000000
0	0.0000000000000000
0	0.0000000000000000
0	0.0000000000000000
0	0.0000000000000000
0	0.0000000000000000
0	0.0000000000000000
0	0.0000000000000000
0	0.0000000000000000
0	0.0000000000000000
0	0.0000000000000000
0	0.0000000000000000
0	0.0000000000000000
0	0.0000000000000000
0	0.0000000000000000
0	0.0000000000000000
0	0.0000000000000000
0	0.0000000000000000
0	0.0000000000000000
0	0.0000000000000000
0	0.0000000000000000
0	0.0000000000000000
0	0.0000000000000000
0	0.0000000000000000
0	0.0000000000000000
0	0.0000000000000000
0	0.0000000000000000
0	0.0000000000000000
0	0.0000000000000000
0	0.0000000000000000
0	0.0000000000000000
0	0.0000000000000000
0	0.0000000000000000
0	0.0000000000000000
0	0.0000000000000000
0	0.0000000000000000
0	0.0000000000000000
0	0.0000000000000000
0	0.0000000000000000
0	0.0000000000000000
0	0.0000000000000000
0	0.0000000000000000
0	0.0000000000000000
0	0.0000000000000000
0	0.0000000000000000
0	0.0000000000000000
0	0.0000000000000000
0	0.0000000000000000
0	0.0000000000000000
0	0.0000000000000000
0	0.0000000000000000
0	0.0000000000000000
0	0.0000000000000000
0	0.0000000000000000
0	0.0000000000000000
0	0.0000000000000000
0	0.0000000000000000
0	0.0000000000000000
0	0.0000000000000000
0	0.0000000000000000
0	0.0000000000000000
0	0.0000000000000000
0	0.0000000000000000
0	0.0000000000000000
0	0.0000000000000000
0	0.0000000000000000
0	0.0000000000000000
0	0.0000000000000000
0	0.0000000000000000
0	0.0000000000000000
0	0.0000000000000000
0	0.0000000000000000
0	0.0000000000000000
0	0.0000000000000000
0	0.0000000000000000
0	0.0000000000000000
0	0.0000000000000000
0	0.0000000000000000
0	0.0000000000000000
0	0.0000000000000000
0	0.0000000000000000
0	0.0000000000000000
0	0.0000000000000000
0	0.0000000000000000
0	0.0000000000000000
0	0.0000000000000000
0	0.0000000000000000
0	0.0000000000000000
0	0.0000000000000000
0	0.0000000000000000
0	0.0000000000000000
0	0.0000000000000000
0	0.0000000000000000
0	0.0000000000000000
0	0.0000000000000000
0	0.0000000000000000
0	0.0000000000000000
0	0.0000000000000000
0	0.0000000000000000
0	0.0000000000000000
0	0.0000000000000000
0	0.0000000000000000
0	0.0000000000000000
0	0.0000000000000000
0	0.0000000000000000
0	0.0000000000000000
0	0.0000000000000000
0	0.0000000000000000
0	0.0000000000000000
0	0.0000000000000000
0	0.0000000000000000
0	0.0000000000000000
0	0.0000000000000000
0	0.0000000000000000
0	0.0000000000000000
0	0.0000000000000000
0	0.0000000000000000
0	0.0000000000000000
0	0.0000000000000000
0	0.0000000000000000
0	0.0000000000000000
0	0.0000000000000000
0	0.0000000000000000
0	0.0000000000000000
0	0.0000000000000000
0	0.0000000000000000
0	0.0000000000000000
0	0.0000000000000000
0	0.0000000000000000
0	0.0000000000000000
0	0.0000000000000000
0	0.0000000000000000
0	0.0000000000000000
0	0.0000000000000000
0	0.0000000000000000
0	0.0000000000000000
0	0.0000000000000000
0	0.0000000000000000
0	0.0000000000000000
0	0.0000000000000000
0	0.0000000000000000
0	0.0000000000000000
0	0.0000000000000000
0	0.0000000000000000
0	0.0000000000000000
0	0.0000000000000000
0	0.0000000000000000
0	0.0000000000000000
0	0.0000000000000000
0	0.0000000000000000
0	0.0000000000000000
0	0.0000000000000000
0	0.0000000000000000
0	0.0000000000000000
0	0.0000000000000000
0	0.0000000000000000
0	0.0000000000000000
0	0.0000000000000000
0	0.0000000000000000
0	0.0000000000000000
0	0.0000000000000000
0	0.0000000000000000
0	0.0000000000000000
0	0.0000000000000000
0	0.0000000000000000
0	0.0000000000000000
0	0.0000000000000000
0	0.0000000000000000
0	0.0000000000000000
0	0.0000000000000000
0	0.0000000000000000
0	0.0000000000000000
0	0.0000000000000000
0	0.0000000000000000
0	0.0000000000000000
0	0.0000000000000000
0	0.0000000000000000
0	0.0000000000000000
0	0.0000000000000000
0	0.0000000000000000
0	0.0000000000000000
0	0.0000000000000000
0	0.0000000000000000
0	0.0000000000000000
0	0.0000000000000000
0	0.0000000000000000
0	0.0000000000000000
0	0.0000000000000000
0	0.0000000000000000
0	0.0000000000000000
0	0.0000000000000000
0	0.0000000000000000
0	0.0000000000000000
0	0.0000000000000000
0	0.0000000000000000
0	0.0000000000000000
0	0.0000000000000000
0	0.0000000000000000
0	0.0000000000000000
0	0.0000000000000000
0	0.0000000000000000
0	0.0000000000000000
0	0.0000000000000000
0	0.0000000000000000
0	0.0000000000000000
0	0.0000000000000000
0	0.0000000000000000
0	0.0000000000000000
0	0.0000000000000000
0	0.0000000000000000
0	0.0000000000000000
0	0.0000000000000000
0	0.0000000000000000
0	0.0000000000000000
0	0.0000000000000000
0	0.0000000000000000
0	0.0000000000000000
0	0.0000000000000000
0	0.0000000000000000
0	0.0000000000000000
0	0.0000000000000000
0	0.0000000000000000
0	0.0000000000000000
0	0.0000000000000000
0	0.0000000000000000
0	0.0000000000000000
0	0.0000000000000000
0	0.0000000000000000
0	0.0000000000000000
0	0.0000000000000000
0	0.0000000000000000
0	0.0000000000000000
0	0.0000000000000000
0	0.0000000000000000
0	0.0000000000000000
0	0.0000000000000000
0	0.0000000000000000
0	0.0000000000000000
0	0.0000000000000000
0	0.0000000000000000
0	0.0000000000000000
0	0.0000000000000000
0	0.0000000000000000
0	0.0000000000000000
