1	21.6698864893170686
2	16.1285820077551278
3	12.3443997508429035
4	9.7902404499847826
5	7.8526209011180343
6	6.8251304410554070
7	6.1821112633636721
8	5.5982381315639920
9	5.1295668440199442
10	4.6953622296750348
11	4.2782520968787363
12	3.9657279529743921
13	3.7424885125047029
14	3.5377025024117836
15	3.3406747558300616
16	3.1684986817495790
17	2.9856462804236039
18	2.8239359955674530
19	2.7109883236496728
20	2.5965773226094462
21	2.4791334202907889
22	2.3785897083254750
23	2.2803377420158513
24	2.1813919701649191
25	2.1021613983788110
26	2.0378461352715105
27	1.9704143594173678
28	1.9022922980683208
29	1.8371507093188255
30	1.7714753455658296
31	1.7151041908255338
32	1.6672081202860827
33	1.6262134393936647
34	1.5864627730168093
35	1.5440107571351909
36	1.5008279339293338
37	1.4611287185688819
38	1.4267637001019975
39	1.3920231383301569
40	1.3580866884478342
41	1.3250304677241556
42	1.2927672774166488
43	1.2647442650669407
44	1.2379790135152999
45	1.2112217927658626
46	1.1850512414505310
47	1.1618616534305664
48	1.1377565007733645
50	1.0902258264044062
52	1.0466657739730840
54	1.0074945551744354
56	0.9709444355294334
58	0.9410222920820763
60	0.9119338905804446
62	0.8818064847259264
64	0.8549316799980529
66	0.8302735283991192
68	0.8041520707548935
70	0.7829576242101676
72	0.7615328144027456
74	0.7409420342637578
76	0.7225571988291882
78	0.7047319753185707
80	0.6872916028882180
82	0.6702548984634304
84	0.6529813612428380
86	0.6340544662035348
88	0.6163655683619279
90	0.6003924085596494
92	0.5860494573539110
94	0.5728146605822526
96	0.5604540078312173
99	0.5432214725108399
102	0.5258540045948061
105	0.5113337296019452
108	0.4964804911485826
111	0.4839069899635337
114	0.4720806497637215
117	0.4606702017669824
120	0.4506379761441089
123	0.4410324401059154
126	0.4313350674849671
129	0.4217147639963266
132	0.4127628672590849
135	0.4046076800458643
138	0.3964521659787591
141	0.3869929488200489
144	0.3783535647903103
148	0.3677379350407008
152	0.3576500748241231
156	0.3477542846114355
160	0.3386287144263561
164	0.3311871546917282
168	0.3247191232266038
172	0.3174048521221383
176	0.3098045759867173
180	0.3029161844818868
184	0.2958251162943012
188	0.2892098649126608
192	0.2844760164872061
197	0.2775936047635299
202	0.2718339687754887
207	0.2660682768596135
212	0.2602969113800263
217	0.2545563983862519
222	0.2498213389846685
227	0.2448958885139633
232	0.2400382073073074
237	0.2348899312193507
242	0.2301822856300718
248	0.2251192656755256
254	0.2207405251807350
260	0.2148367236475552
266	0.2093014669124687
272	0.2046319967127825
278	0.1996293267207060
284	0.1946882562180485
290	0.1895842715829465
297	0.1842842433208405
304	0.1794845902830696
311	0.1759415014448936
318	0.1722984900263885
325	0.1687089327804094
332	0.1645258159026351
339	0.1606810536893379
347	0.1560964945019582
355	0.1518720937513320
363	0.1476121432336943
371	0.1432292425291182
379	0.1395162956694439
387	0.1354812888895714
396	0.1308251849945923
405	0.1260210832007271
414	0.1217451013755859
423	0.1178972458299705
432	0.1144642259532395
442	0.1108571174381600
452	0.1073207775196607
462	0.1041474595803638
472	0.1017036805191127
482	0.0991860798659128
493	0.0960631844544312
504	0.0931858577902461
515	0.0897998712599687
526	0.0864981569665935
538	0.0835645581889394
550	0.0806683400923282
562	0.0782473112668251
574	0.0755890416130235
587	0.0729826328942314
600	0.0707426242995081
613	0.0687643529659786
626	0.0666055195344977
640	0.0648000247604664
654	0.0632229615957266
668	0.0618359598483033
683	0.0600197257773101
698	0.0581931939773043
713	0.0566086178657780
728	0.0551378413806560
744	0.0533505666260791
760	0.0516412439517568
776	0.0497789760993970
793	0.0483730441250540
810	0.0470040151076681
828	0.0461693284195723
846	0.0450976092998519
864	0.0440153263183163
883	0.0430113707377563
902	0.0420795596525123
921	0.0413924359094391
941	0.0407670395585124
961	0.0406568565702723
982	0.0402609419461464
1003	0.0399410440412972
1025	0.0393626011804774
1047	0.0386008338491488
1069	0.0381639043450132
1092	0.0375412626966804
1115	0.0369163522941196
1139	0.0363202515597951
1163	0.0359684812287871
1188	0.0356813920660919
1213	0.0354133644135230
1239	0.0349554172939445
1266	0.0342346475868179
1293	0.0336220902522975
1321	0.0331018627113399
1349	0.0325099515926606
1378	0.0318769581261355
1407	0.0313872908451707
1437	0.0308268458618055
1468	0.0301854853941414
1499	0.0297508541879862
1531	0.0291834783868972
1564	0.0288099863729566
1597	0.0287429809775165
1631	0.0286710334575614
1666	0.0285062525468445
1701	0.0282888097236695
1737	0.0281293801408249
1774	0.0279733756068455
1812	0.0277168730650375
1851	0.0272339880768078
1890	0.0268211479926492
1930	0.0265187497312360
1971	0.0261497162594138
2013	0.0257157033352405
2056	0.0250923352877721
2100	0.0243637055078512
2145	0.0237560979426276
2191	0.0229771621203242
2238	0.0223993161662399
2285	0.0219951673706829
2333	0.0214747179031835
2382	0.0210878059455758
2433	0.0208358538077966
2485	0.0206848791746793
2538	0.0206464517499265
2592	0.0205127627489319
2647	0.0203330402743848
2703	0.0201839381567995
2760	0.0200519020206260
2818	0.0198662245025339
2878	0.0195124985181154
2939	0.0191188158792279
3001	0.0187628183316836
3065	0.0184761551727659
3130	0.0181814499847825
3196	0.0180850081172179
3264	0.0180743451446849
3333	0.0178540407866155
3403	0.0177396953919164
3475	0.0175123345652264
3548	0.0171688635769340
3623	0.0167446372106973
3700	0.0164320457955344
3778	0.0160114103830779
3858	0.0155101080878251
3940	0.0151744332163156
4023	0.0148697472786255
4108	0.0146660100796677
4195	0.0144548264198879
4284	0.0141820179781529
4374	0.0138340269538660
4466	0.0132855099998377
4560	0.0126941468329094
4656	0.0121544502426736
4754	0.0115681644748174
4854	0.0111887533344788
4956	0.0107726104474347
5061	0.0104061844551230
5168	0.0099943380317557
5277	0.0096845937540481
5388	0.0093438651271962
5502	0.0089508331571466
5618	0.0086149938535077
5736	0.0081844190949002
5857	0.0078341693729122
5980	0.0073433484406845
6106	0.0068781498668895
6235	0.0063316228771449
6366	0.0059973941185176
6500	0.0056843694826373
6637	0.0054616790905998
6777	0.0053245148593296
6920	0.0051007130289605
7066	0.0048912219607838
7215	0.0046998803020481
7367	0.0044298214476668
7522	0.0041573463729515
7680	0.0038963953785035
7842	0.0036779697822860
8007	0.0035054778815631
8176	0.0033943898226664
8348	0.0033264555177433
8524	0.0031337331108018
8704	0.0029070409588553
8887	0.0026799306339698
9074	0.0025766326217248
9265	0.0024372522471772
9460	0.0023535257445084
9659	0.0023228199181017
9862	0.0022123032934548
10070	0.0020024062393501
10282	0.0018601722361247
10498	0.0018720774749899
10719	0.0018428111695353
10945	0.0017862398073111
11175	0.0017182227899422
11410	0.0016881418282619
11650	0.0016680429581688
11895	0.0016562857877968
12145	0.0017009120406746
12401	0.0017590805423880
12662	0.0016789611639270
12928	0.0016759004607942
13200	0.0017172530321659
13478	0.0017646905621506
13762	0.0018881153032123
14052	0.0018880198335722
14348	0.0018185377841005
14650	0.0018711489428897
14958	0.0018557722902543
15273	0.0018021759338531
15594	0.0017471702146905
15922	0.0016998727680813
16257	0.0017221465519775
16599	0.0015827471171340
16948	0.0014464653860049
17304	0.0013990890447630
17668	0.0013645562029597
18040	0.0012488873183393
18419	0.0012155449170667
18806	0.0011941102790460
19201	0.0011090310188881
19605	0.0010807900913826
20017	0.0010949527333972
20438	0.0010587070538055
20868	0.0010346449402232
21307	0.0010514383203673
21755	0.0009978715213359
22212	0.0009797434918481
22679	0.0010190755853591
23156	0.0010112478229118
23643	0.0010052346903353
24140	0.0010177341218834
24647	0.0009994554587390
25165	0.0010128847929652
25694	0.0009979592060780
26234	0.0009588575962572
26785	0.0009516961669502
27348	0.0009052222434149
27923	0.0008965160512810
28510	0.0008463087675068
29109	0.0008115331190236
29721	0.0007701978730434
30346	0.0007574083382240
30984	0.0007121862504543
31635	0.0006776599951193
32300	0.0006178905873058
32979	0.0006105958223611
33672	0.0005865554425610
34380	0.0005900718858575
35102	0.0006128758780519
35840	0.0006545294488801
36593	0.0006364967463774
37362	0.0006404104946954
38147	0.0006316402333844
38949	0.0006272033779720
39767	0.0006130861510852
40603	0.0005869654020111
41456	0.0005571925376032
42327	0.0005322297910943
43216	0.0005158150507746
44124	0.0005234886547682
45051	0.0005535330020487
45998	0.0005681970407741
46964	0.0005854252413467
47951	0.0005677089591932
48958	0.0005676005217739
49987	0.0005552965141014
51037	0.0005281230354183
52109	0.0005048021326677
53204	0.0004772033332332
54322	0.0004700412581706
55463	0.0004767692157496
56628	0.0004750731654026
57818	0.0004741788637038
59033	0.0004703154623408
60273	0.0004572556308560
61539	0.0004355643608545
62832	0.0004250566318409
64152	0.0004139308041108
65500	0.0004166098936143
66876	0.0004221821249071
68281	0.0004236337894933
69715	0.0004114691264650
71180	0.0004078294221650
72675	0.0004005405035543
74202	0.0003918760594094
75761	0.0003817689373865
77352	0.0003859828716387
78977	0.0003883856239634
80636	0.0003852478862193
82330	0.0003791100648566
84059	0.0003677820951604
85825	0.0003633328065557
87628	0.0003660357147023
89469	0.0003653316433505
91348	0.0003560242749916
93267	0.0003557927089137
95226	0.0003510581802059
97226	0.0003586909723560
99268	0.0003540688490587
101353	0.0003469240236940
103482	0.0003455574478761
105656	0.0003394881380768
107875	0.0003357168403397
110141	0.0003351017163513
112454	0.0003339175291160
114816	0.0003278050804549
117228	0.0003281300293866
119690	0.0003295129649952
122204	0.0003315702120136
124771	0.0003281719963564
127392	0.0003215425808748
130068	0.0003219755265911
132800	0.0003209488458950
135589	0.0003134650297496
138437	0.0003127280286622
141345	0.0003131991886096
144314	0.0003113316918401
147345	0.0003129070408020
150440	0.0003179085937869
153600	0.0003142982251895
156826	0.0003074146754966
160120	0.0003131940763386
163483	0.0003086812559777
166917	0.0003014430649617
170423	0.0003034674213704
174002	0.0003030364483234
177657	0.0002968104904438
181388	0.0003005651853146
185198	0.0002961065087021
189088	0.0002982876975855
193059	0.0003002101944818
197114	0.0002955477164244
201254	0.0002947932441518
205481	0.0002953167595908
209797	0.0002899710228490
214203	0.0002930782000360
218702	0.0002890734301608
223295	0.0002955912633987
227985	0.0002901864515433
232773	0.0002902437525701
237662	0.0002852809455915
242653	0.0002843158736109
247749	0.0002844735112897
252952	0.0002852355230564
258264	0.0002838854266798
263688	0.0002822840064270
269226	0.0002798985045828
274880	0.0002846526625822
280653	0.0002796285065500
286547	0.0002826211186916
292565	0.0002775521519886
298709	0.0002789783959170
304982	0.0002792788090426
311387	0.0002773361206751
317927	0.0002776647579755
324604	0.0002765630339515
331421	0.0002748574990076
338381	0.0002756209009933
345488	0.0002764991966116
352744	0.0002734490471235
360152	0.0002731844695447
367716	0.0002732560237277
375439	0.0002734100982005
383324	0.0002724182645118
391374	0.0002719624314138
399593	0.0002729469586949
407985	0.0002733603570174
416553	0.0002729996978829
425301	0.0002718230474339
434233	0.0002728400988694
443352	0.0002729916936017
452663	0.0002742141624155
462169	0.0002739800824023
471875	0.0002722753249396
481785	0.0002723553471816
491903	0.0002735846906745
502233	0.0002726779388301
512780	0.0002731095399097
523549	0.0002719566465809
534544	0.0002715187127417
545770	0.0002713007064237
557232	0.0002716986949157
568934	0.0002695528725512
580882	0.0002682588852040
593081	0.0002693113500006
605536	0.0002697733510169
618253	0.0002688835031061
631237	0.0002669950900630
644493	0.0002664858790649
658028	0.0002669563728683
671847	0.0002673333192677
685956	0.0002666301219109
700362	0.0002671460337918
715070	0.0002662570524352
730087	0.0002661728412073
745419	0.0002659232758336
761073	0.0002663771079095
777056	0.0002648205865556
793375	0.0002646453002811
810036	0.0002637347408526
827047	0.0002635759607005
844415	0.0002632316130639
862148	0.0002623051081309
880254	0.0002625350944562
898740	0.0002622329404240
917614	0.0002627985072852
936884	0.0002632676430970
956559	0.0002624927166650
976647	0.0002626921377216
997157	0.0002626024562050
1018098	0.0002629822335044
1039479	0.0002628715816628
1061309	0.0002634831577657
1083597	0.0002636539943214
1106353	0.0002627052629401
1129587	0.0002618797943465
1153309	0.0002618726442188
1177529	0.0002617956136640
1202258	0.0002611373098021
1227506	0.0002611759224397
1253284	0.0002613055626345
1279603	0.0002613926365829
1306475	0.0002617469464081
1333911	0.0002619156287513
1361924	0.0002615370190684
1390525	0.0002613588795209
1419727	0.0002612774499866
1449542	0.0002610075928522
1479983	0.0002607466446838
1511063	0.0002608266178090
1542796	0.0002606505495483
1575195	0.0002606247694541
1608275	0.0002609607127640
1642049	0.0002607956640823
1676533	0.0002609385201979
1711741	0.0002611973193588
1747688	0.0002610720469383
1784390	0.0002611352258227
1821863	0.0002608732743682
1860123	0.0002612981263619
1899186	0.0002607296417988
1939069	0.0002607164587636
1979790	0.0002605695622975
2021366	0.0002601604944874
2063815	0.0002603108391296
2107156	0.0002604113124487
2151407	0.0002601841096480
2196587	0.0002602055855272
2242716	0.0002600488275617
2289814	0.0002598557320530
2337901	0.0002599703019543
2386997	0.0002599336450567
2437124	0.0002599077535273
2488304	0.0002599266786163
2540559	0.0002599258526866
2593911	0.0002598546690068
2648384	0.0002597450462457
2704001	0.0002598108503020
2760786	0.0002596923270402
2818763	0.0002597918050735
2877958	0.0002598491074262
2938396	0.0002600131254744
3000103	0.0002598723661513
3063106	0.0002597046399947
3127432	0.0002594777497956
3193109	0.0002596130328446
3260165	0.0002597618110350
3328629	0.0002596314238339
3398531	0.0002595786182670
3469901	0.0002595611911582
3542769	0.0002593677962984
3617168	0.0002592208061658
3693129	0.0002592579526385
3770685	0.0002592831701688
3849870	0.0002591795866500
3930718	0.0002591348340460
4013264	0.0002590211643067
4097543	0.0002589017947067
4183592	0.0002591173547819
4271448	0.0002591379569936
4361149	0.0002589924714965
4452734	0.0002589477930493
4546242	0.0002588829681972
4641714	0.0002589407352643
4739190	0.0002589180143967
4838713	0.0002588448279087
4940326	0.0002588596664014
5044073	0.0002588004965639
5149999	0.0002586485789746
5258149	0.0002585123004829
5368571	0.0002585055238410
5481311	0.0002584396337381
5596419	0.0002583450049877
5713944	0.0002583630085550
5833937	0.0002583080751741
5956450	0.0002582646050682
6081536	0.0002583618834959
6209249	0.0002583845610554
6339644	0.0002582085382763
6472777	0.0002582553792023
6608706	0.0002583753200242
6747489	0.0002583348017525
6889187	0.0002581869174163
7033860	0.0002582512663204
7181572	0.0002582375359850
7332386	0.0002582606949772
7486367	0.0002581692732995
7643581	0.0002581481078266
7804097	0.0002580689419683
7967984	0.0002580946097138
8135312	0.0002580460367019
8306154	0.0002579980274993
8480584	0.0002579758113574
8658677	0.0002579371736220
8840510	0.0002579030442958
9026161	0.0002579764988501
9215711	0.0002579234083888
9409241	0.0002578388791710
9606836	0.0002579098300593
9808580	0.0002579316594912
0	0.0000000000000000
0	0.0000000000000000
0	0.0000000000000000
0	0.0000000000000000
0	0.0000000000000000
0	0.0000000000000000
0	0.0000000000000000
0	0.0000000000000000
0	0.0000000000000000
0	0.0000000000000000
0	0.0000000000000000
0	0.0000000000000000
0	0.0000000000000000
0	0.0000000000000000
0	0.0000000000000000
0	0.0000000000000000
0	0.0000000000000000
0	0.0000000000000000
0	0.0000000000000000
0	0.0000000000000000
0	0.0000000000000000
0	0.0000000000000000
0	0.0000000000000000
0	0.0000000000000000
0	0.0000000000000000
0	0.0000000000000000
0	0.0000000000000000
0	0.0000000000000000
0	0.0000000000000000
0	0.0000000000000000
0	0.0000000000000000
0	0.0000000000000000
0	0.0000000000000000
0	0.0000000000000000
0	0.0000000000000000
0	0.0000000000000000
0	0.0000000000000000
0	0.0000000000000000
0	0.0000000000000000
0	0.0000000000000000
0	0.0000000000000000
0	0.0000000000000000
0	0.0000000000000000
0	0.0000000000000000
0	0.0000000000000000
0	0.0000000000000000
0	0.0000000000000000
0	0.0000000000000000
0	0.0000000000000000
0	0.0000000000000000
0	0.0000000000000000
0	0.0000000000000000
0	0.0000000000000000
0	0.0000000000000000
0	0.0000000000000000
0	0.0000000000000000
0	0.0000000000000000
0	0.0000000000000000
0	0.0000000000000000
0	0.0000000000000000
0	0.0000000000000000
0	0.0000000000000000
0	0.0000000000000000
0	0.0000000000000000
0	0.0000000000000000
0	0.0000000000000000
0	0.0000000000000000
0	0.0000000000000000
0	0.0000000000000000
0	0.0000000000000000
0	0.0000000000000000
0	0.0000000000000000
0	0.0000000000000000
0	0.0000000000000000
0	0.0000000000000000
0	0.0000000000000000
0	0.0000000000000000
0	0.0000000000000000
0	0.0000000000000000
0	0.0000000000000000
0	0.0000000000000000
0	0.0000000000000000
0	0.0000000000000000
0	0.0000000000000000
0	0.0000000000000000
0	0.0000000000000000
0	0.0000000000000000
0	0.0000000000000000
0	0.0000000000000000
0	0.0000000000000000
0	0.0000000000000000
0	0.0000000000000000
0	0.0000000000000000
0	0.0000000000000000
0	0.0000000000000000
0	0.0000000000000000
0	0.0000000000000000
0	0.0000000000000000
0	0.0000000000000000
0	0.0000000000000000
0	0.0000000000000000
0	0.0000000000000000
0	0.0000000000000000
0	0.0000000000000000
0	0.0000000000000000
0	0.0000000000000000
0	0.0000000000000000
0	0.0000000000000000
0	0.0000000000000000
0	0.0000000000000000
0	0.0000000000000000
0	0.0000000000000000
0	0.0000000000000000
0	0.0000000000000000
0	0.0000000000000000
0	0.0000000000000000
0	0.0000000000000000
0	0.0000000000000000
0	0.0000000000000000
0	0.0000000000000000
0	0.0000000000000000
0	0.0000000000000000
0	0.0000000000000000
0	0.0000000000000000
0	0.0000000000000000
0	0.0000000000000000
0	0.0000000000000000
0	0.0000000000000000
0	0.0000000000000000
0	0.0000000000000000
0	0.0000000000000000
0	0.0000000000000000
0	0.0000000000000000
0	0.0000000000000000
0	0.0000000000000000
0	0.0000000000000000
0	0.0000000000000000
0	0.0000000000000000
0	0.0000000000000000
0	0.0000000000000000
0	0.0000000000000000
0	0.0000000000000000
0	0.0000000000000000
0	0.0000000000000000
0	0.0000000000000000
0	0.0000000000000000
0	0.0000000000000000
0	0.0000000000000000
0	0.0000000000000000
0	0.0000000000000000
0	0.0000000000000000
0	0.0000000000000000
0	0.0000000000000000
0	0.0000000000000000
0	0.0000000000000000
0	0.0000000000000000
0	0.0000000000000000
0	0.0000000000000000
0	0.0000000000000000
0	0.0000000000000000
0	0.0000000000000000
0	0.0000000000000000
0	0.0000000000000000
0	0.0000000000000000
0	0.0000000000000000
0	0.0000000000000000
0	0.0000000000000000
0	0.0000000000000000
0	0.0000000000000000
0	0.0000000000000000
0	0.0000000000000000
0	0.0000000000000000
0	0.0000000000000000
0	0.0000000000000000
0	0.0000000000000000
0	0.0000000000000000
0	0.0000000000000000
0	0.0000000000000000
0	0.0000000000000000
0	0.0000000000000000
0	0.0000000000000000
0	0.0000000000000000
0	0.0000000000000000
0	0.0000000000000000
0	0.0000000000000000
0	0.0000000000000000
0	0.0000000000000000
0	0.0000000000000000
0	0.0000000000000000
0	0.0000000000000000
0	0.0000000000000000
0	0.0000000000000000
0	0.0000000000000000
0	0.0000000000000000
0	0.0000000000000000
0	0.0000000000000000
0	0.0000000000000000
0	0.0000000000000000
0	0.0000000000000000
0	0.0000000000000000
0	0.0000000000000000
0	0.0000000000000000
0	0.0000000000000000
0	0.0000000000000000
0	0.0000000000000000
0	0.0000000000000000
0	0.0000000000000000
0	0.0000000000000000
0	0.0000000000000000
0	0.0000000000000000
0	0.0000000000000000
0	0.0000000000000000
0	0.0000000000000000
0	0.0000000000000000
0	0.0000000000000000
0	0.0000000000000000
0	0.0000000000000000
0	0.0000000000000000
0	0.0000000000000000
0	0.0000000000000000
0	0.0000000000000000
0	0.0000000000000000
0	0.0000000000000000
0	0.0000000000000000
0	0.0000000000000000
0	0.0000000000000000
0	0.0000000000000000
0	0.0000000000000000
0	0.0000000000000000
0	0.0000000000000000
0	0.0000000000000000
0	0.0000000000000000
0	0.0000000000000000
0	0.0000000000000000
0	0.0000000000000000
0	0.0000000000000000
0	0.0000000000000000
0	0.0000000000000000
0	0.0000000000000000
0	0.0000000000000000
0	0.0000000000000000
0	0.0000000000000000
0	0.0000000000000000
0	0.0000000000000000
0	0.0000000000000000
0	0.0000000000000000
0	0.0000000000000000
0	0.0000000000000000
0	0.0000000000000000
0	0.0000000000000000
0	0.0000000000000000
0	0.0000000000000000
0	0.0000000000000000
0	0.0000000000000000
0	0.0000000000000000
0	0.0000000000000000
0	0.0000000000000000
0	0.0000000000000000
0	0.0000000000000000
0	0.0000000000000000
0	0.0000000000000000
0	0.0000000000000000
0	0.0000000000000000
0	0.0000000000000000
0	0.0000000000000000
0	0.0000000000000000
0	0.0000000000000000
0	0.0000000000000000
0	0.0000000000000000
0	0.0000000000000000
0	0.0000000000000000
0	0.0000000000000000
0	0.0000000000000000
0	0.0000000000000000
0	0.0000000000000000
0	0.0000000000000000
0	0.0000000000000000
0	0.0000000000000000
0	0.0000000000000000
0	0.0000000000000000
0	0.0000000000000000
0	0.0000000000000000
0	0.0000000000000000
0	0.0000000000000000
0	0.0000000000000000
0	0.0000000000000000
0	0.0000000000000000
0	0.0000000000000000
0	0.0000000000000000
0	0.0000000000000000
0	0.0000000000000000
0	0.0000000000000000
0	0.0000000000000000
0	0.0000000000000000
0	0.0000000000000000
0	0.0000000000000000
0	0.0000000000000000
0	0.0000000000000000
0	0.0000000000000000
0	0.0000000000000000
0	0.0000000000000000
0	0.0000000000000000
0	0.0000000000000000
0	0.0000000000000000
0	0.0000000000000000
0	0.0000000000000000
0	0.0000000000000000
0	0.0000000000000000
0	0.0000000000000000
0	0.0000000000000000
0	0.0000000000000000
0	0.0000000000000000
0	0.0000000000000000
0	0.0000000000000000
0	0.0000000000000000
0	0.0000000000000000
0	0.0000000000000000
0	0.0000000000000000
0	0.0000000000000000
0	0.0000000000000000
0	0.0000000000000000
0	0.0000000000000000
0	0.0000000000000000
0	0.0000000000000000
0	0.0000000000000000
0	0.0000000000000000
0	0.0000000000000000
0	0.0000000000000000
0	0.0000000000000000
0	0.0000000000000000
0	0.0000000000000000
0	0.0000000000000000
0	0.0000000000000000
0	0.0000000000000000
0	0.0000000000000000
0	0.0000000000000000
0	0.0000000000000000
0	0.0000000000000000
0	0.0000000000000000
0	0.0000000000000000
0	0.0000000000000000
0	0.0000000000000000
0	0.0000000000000000
0	0.0000000000000000
0	0.0000000000000000
0	0.0000000000000000
0	0.0000000000000000
0	0.0000000000000000
0	0.0000000000000000
0	0.0000000000000000
0	0.0000000000000000
0	0.0000000000000000
0	0.0000000000000000
0	0.0000000000000000
0	0.0000000000000000
0	0.0000000000000000
0	0.0000000000000000
0	0.0000000000000000
0	0.0000000000000000
0	0.0000000000000000
0	0.0000000000000000
0	0.0000000000000000
0	0.0000000000000000
0	0.0000000000000000
0	0.0000000000000000
0	0.0000000000000000
0	0.0000000000000000
0	0.0000000000000000
0	0.0000000000000000
0	0.0000000000000000
0	0.0000000000000000
0	0.0000000000000000
0	0.0000000000000000
0	0.0000000000000000
0	0.0000000000000000
0	0.0000000000000000
0	0.0000000000000000
0	0.0000000000000000
0	0.0000000000000000
0	0.0000000000000000
0	0.0000000000000000
0	0.0000000000000000
0	0.0000000000000000
0	0.0000000000000000
