2	0.9767878659983787
3	0.9631210799613874
4	0.9465534253385497
5	0.9272767049373897
6	0.9055118401940797
7	0.8815050596662856
8	0.8555236873364377
9	0.8278516195911914
10	0.7987845855573783
12	0.7376785314998939
13	0.7062464145760026
14	0.6746237169706401
16	0.6119232712877197
17	0.5813610363070028
18	0.5516325377891867
20	0.4954526183873605
21	0.4693201873601649
23	0.4215502177040462
24	0.4044357670781382
26	0.3843595385167709
27	0.3795932759681813
29	0.3772139698254653
30	0.3785589043799595
32	0.3842540072239281
34	0.3918172422103789
35	0.3956483656014242
37	0.4023969685500397
39	0.4069068771138427
41	0.4083082583588976
43	0.4061016288311500
44	0.4035811865801948
46	0.3957407016582317
48	0.3843978115933863
50	0.3700047925521760
53	0.3501571567853061
55	0.3404744245392023
57	0.3355947516348633
59	0.3344109443010717
61	0.3357679902365065
64	0.3403669450515918
66	0.3438675856540520
68	0.3468469496279010
71	0.3490383370088104
73	0.3483269163904642
76	0.3438956835216160
78	0.3400856394503909
81	0.3327988612712736
84	0.3237327352182343
86	0.3188901468729425
89	0.3156070171482744
92	0.3157950689835548
95	0.3176539951770221
98	0.3195624991254261
101	0.3212494406681679
104	0.3222357743745666
108	0.3204179658133115
111	0.3162420857046911
114	0.3110883905596082
118	0.3042984639741388
121	0.3021068356064188
125	0.3027976978079943
128	0.3048829698620898
132	0.3074280683633170
136	0.3076945673045226
140	0.3057761174632624
144	0.3009973853700638
148	0.2958438085708127
152	0.2938254763688494
156	0.2945711718348352
160	0.2960096887071243
165	0.2974517817013144
169	0.2968544904636591
174	0.2941957468566430
178	0.2906413726496139
183	0.2874845113198716
188	0.2876278360993516
193	0.2893232717610927
198	0.2903354571528083
203	0.2892272350955753
208	0.2856432334159666
214	0.2821677941656880
219	0.2825467859539516
225	0.2843101885141253
230	0.2845225047600256
236	0.2826985456768945
242	0.2794314170143526
248	0.2781938978329828
255	0.2791281285046383
261	0.2800006753639951
267	0.2789173260851662
274	0.2754300380966775
281	0.2745629594860471
288	0.2760544129647217
295	0.2760455365761778
302	0.2736837932753061
309	0.2717361391394600
317	0.2724454516846591
325	0.2729730374391368
332	0.2715270222346254
340	0.2690810397491226
349	0.2698296025628341
357	0.2703429699408135
365	0.2683056513253764
374	0.2668707742460721
383	0.2678318431487862
392	0.2672924293399964
401	0.2650899756018778
411	0.2652979156895324
420	0.2657933589236579
430	0.2637028584463363
440	0.2632523803387489
450	0.2639082019386265
461	0.2620923811069837
472	0.2616917842208849
482	0.2621730007085489
494	0.2602867432311686
505	0.2602932940148441
517	0.2603767655634786
528	0.2586052213936854
541	0.2591965731644013
553	0.2582744873858201
566	0.2574676843541450
578	0.2578513920609772
592	0.2561165482275921
605	0.2567179946035644
619	0.2553727098499390
633	0.2554053590960734
647	0.2548701478475392
662	0.2542872786821553
677	0.2539764612787942
692	0.2532579381971972
707	0.2532072531262635
723	0.2522823952658134
739	0.2522344012109579
756	0.2515423435293644
773	0.2511200702643226
790	0.2507821835824040
808	0.2499490763810880
826	0.2501228914678126
844	0.2490636230197006
863	0.2491818710861886
882	0.2484935124428302
901	0.2479216500178591
921	0.2479492124597582
942	0.2470985639391390
962	0.2468276042501273
984	0.2466887364900611
0	0.0000000000000000
0	0.0000000000000000
0	0.0000000000000000
0	0.0000000000000000
0	0.0000000000000000
0	0.0000000000000000
0	0.0000000000000000
0	0.0000000000000000
0	0.0000000000000000
0	0.0000000000000000
0	0.0000000000000000
0	0.0000000000000000
0	0.0000000000000000
0	0.0000000000000000
0	0.0000000000000000
0	0.0000000000000000
0	0.0000000000000000
0	0.0000000000000000
0	0.0000000000000000
0	0.0000000000000000
0	0.0000000000000000
0	0.0000000000000000
0	0.0000000000000000
0	0.0000000000000000
0	0.0000000000000000
0	0.0000000000000000
0	0.0000000000000000
0	0.0000000000000000
0	0.0000000000000000
0	0.0000000000000000
0	0.0000000000000000
0	0.0000000000000000
0	0.0000000000000000
0	0.0000000000000000
0	0.0000000000000000
0	0.0000000000000000
0	0.0000000000000000
0	0.0000000000000000
0	0.0000000000000000
0	0.0000000000000000
0	0.0000000000000000
0	0.0000000000000000
0	0.0000000000000000
0	0.0000000000000000
0	0.0000000000000000
0	0.0000000000000000
0	0.0000000000000000
0	0.0000000000000000
0	0.0000000000000000
0	0.0000000000000000
0	0.0000000000000000
0	0.0000000000000000
0	0.0000000000000000
0	0.0000000000000000
0	0.0000000000000000
0	0.0000000000000000
0	0.0000000000000000
0	0.0000000000000000
0	0.0000000000000000
0	0.0000000000000000
0	0.0000000000000000
0	0.0000000000000000
0	0.0000000000000000
0	0.0000000000000000
0	0.0000000000000000
0	0.0000000000000000
0	0.0000000000000000
0	0.0000000000000000
0	0.0000000000000000
0	0.0000000000000000
0	0.0000000000000000
0	0.0000000000000000
0	0.0000000000000000
0	0.0000000000000000
0	0.0000000000000000
0	0.0000000000000000
0	0.0000000000000000
0	0.0000000000000000
0	0.0000000000000000
0	0.0000000000000000
0	0.0000000000000000
0	0.0000000000000000
0	0.0000000000000000
0	0.0000000000000000
0	0.0000000000000000
0	0.0000000000000000
0	0.0000000000000000
0	0.0000000000000000
0	0.0000000000000000
0	0.0000000000000000
0	0.0000000000000000
0	0.0000000000000000
0	0.0000000000000000
0	0.0000000000000000
0	0.0000000000000000
0	0.0000000000000000
0	0.0000000000000000
0	0.0000000000000000
0	0.0000000000000000
0	0.0000000000000000
0	0.0000000000000000
0	0.0000000000000000
0	0.0000000000000000
0	0.0000000000000000
0	0.0000000000000000
0	0.0000000000000000
0	0.0000000000000000
0	0.0000000000000000
0	0.0000000000000000
0	0.0000000000000000
0	0.0000000000000000
0	0.0000000000000000
0	0.0000000000000000
0	0.0000000000000000
0	0.0000000000000000
0	0.0000000000000000
0	0.0000000000000000
0	0.0000000000000000
0	0.0000000000000000
0	0.0000000000000000
0	0.0000000000000000
0	0.0000000000000000
0	0.0000000000000000
0	0.0000000000000000
0	0.0000000000000000
0	0.0000000000000000
0	0.0000000000000000
0	0.0000000000000000
0	0.0000000000000000
0	0.0000000000000000
0	0.0000000000000000
0	0.0000000000000000
0	0.0000000000000000
0	0.0000000000000000
0	0.0000000000000000
0	0.0000000000000000
0	0.0000000000000000
0	0.0000000000000000
0	0.0000000000000000
0	0.0000000000000000
0	0.0000000000000000
0	0.0000000000000000
0	0.0000000000000000
0	0.0000000000000000
0	0.0000000000000000
0	0.0000000000000000
0	0.0000000000000000
0	0.0000000000000000
0	0.0000000000000000
0	0.0000000000000000
0	0.0000000000000000
0	0.0000000000000000
0	0.0000000000000000
0	0.0000000000000000
0	0.0000000000000000
0	0.0000000000000000
0	0.0000000000000000
0	0.0000000000000000
0	0.0000000000000000
0	0.0000000000000000
0	0.0000000000000000
0	0.0000000000000000
0	0.0000000000000000
0	0.0000000000000000
0	0.0000000000000000
0	0.0000000000000000
0	0.0000000000000000
0	0.0000000000000000
0	0.0000000000000000
0	0.0000000000000000
0	0.0000000000000000
0	0.0000000000000000
0	0.0000000000000000
0	0.0000000000000000
0	0.0000000000000000
0	0.0000000000000000
0	0.0000000000000000
0	0.0000000000000000
0	0.0000000000000000
0	0.0000000000000000
0	0.0000000000000000
0	0.0000000000000000
0	0.0000000000000000
0	0.0000000000000000
0	0.0000000000000000
0	0.0000000000000000
0	0.0000000000000000
0	0.0000000000000000
0	0.0000000000000000
0	0.0000000000000000
0	0.0000000000000000
0	0.0000000000000000
0	0.0000000000000000
0	0.0000000000000000
0	0.0000000000000000
0	0.0000000000000000
0	0.0000000000000000
0	0.0000000000000000
0	0.0000000000000000
0	0.0000000000000000
0	0.0000000000000000
0	0.0000000000000000
0	0.0000000000000000
0	0.0000000000000000
0	0.0000000000000000
0	0.0000000000000000
0	0.0000000000000000
0	0.0000000000000000
0	0.0000000000000000
0	0.0000000000000000
0	0.0000000000000000
0	0.0000000000000000
0	0.0000000000000000
0	0.0000000000000000
0	0.0000000000000000
0	0.0000000000000000
0	0.0000000000000000
0	0.0000000000000000
0	0.0000000000000000
0	0.0000000000000000
0	0.0000000000000000
0	0.0000000000000000
0	0.0000000000000000
0	0.0000000000000000
0	0.0000000000000000
0	0.0000000000000000
0	0.0000000000000000
0	0.0000000000000000
0	0.0000000000000000
0	0.0000000000000000
0	0.0000000000000000
0	0.0000000000000000
0	0.0000000000000000
0	0.0000000000000000
0	0.0000000000000000
0	0.0000000000000000
0	0.0000000000000000
0	0.0000000000000000
0	0.0000000000000000
0	0.0000000000000000
0	0.0000000000000000
0	0.0000000000000000
0	0.0000000000000000
0	0.0000000000000000
0	0.0000000000000000
0	0.0000000000000000
0	0.0000000000000000
0	0.0000000000000000
0	0.0000000000000000
0	0.0000000000000000
0	0.0000000000000000
0	0.0000000000000000
0	0.0000000000000000
0	0.0000000000000000
0	0.0000000000000000
0	0.0000000000000000
0	0.0000000000000000
0	0.0000000000000000
0	0.0000000000000000
0	0.0000000000000000
0	0.0000000000000000
0	0.0000000000000000
0	0.0000000000000000
0	0.0000000000000000
0	0.0000000000000000
0	0.0000000000000000
0	0.0000000000000000
0	0.0000000000000000
0	0.0000000000000000
0	0.0000000000000000
0	0.0000000000000000
0	0.0000000000000000
0	0.0000000000000000
0	0.0000000000000000
0	0.0000000000000000
0	0.0000000000000000
0	0.0000000000000000
0	0.0000000000000000
0	0.0000000000000000
0	0.0000000000000000
0	0.0000000000000000
0	0.0000000000000000
0	0.0000000000000000
0	0.0000000000000000
0	0.0000000000000000
0	0.0000000000000000
0	0.0000000000000000
0	0.0000000000000000
0	0.0000000000000000
0	0.0000000000000000
0	0.0000000000000000
0	0.0000000000000000
0	0.0000000000000000
0	0.0000000000000000
0	0.0000000000000000
0	0.0000000000000000
0	0.0000000000000000
0	0.0000000000000000
0	0.0000000000000000
0	0.0000000000000000
0	0.0000000000000000
0	0.0000000000000000
0	0.0000000000000000
0	0.0000000000000000
0	0.0000000000000000
0	0.0000000000000000
0	0.0000000000000000
0	0.0000000000000000
0	0.0000000000000000
0	0.0000000000000000
0	0.0000000000000000
0	0.0000000000000000
0	0.0000000000000000
0	0.0000000000000000
0	0.0000000000000000
0	0.0000000000000000
0	0.0000000000000000
0	0.0000000000000000
0	0.0000000000000000
0	0.0000000000000000
0	0.0000000000000000
0	0.0000000000000000
0	0.0000000000000000
0	0.0000000000000000
0	0.0000000000000000
0	0.0000000000000000
0	0.0000000000000000
0	0.0000000000000000
0	0.0000000000000000
0	0.0000000000000000
0	0.0000000000000000
0	0.0000000000000000
0	0.0000000000000000
0	0.0000000000000000
0	0.0000000000000000
0	0.0000000000000000
0	0.0000000000000000
0	0.0000000000000000
0	0.0000000000000000
0	0.0000000000000000
0	0.0000000000000000
0	0.0000000000000000
0	0.0000000000000000
0	0.0000000000000000
0	0.0000000000000000
0	0.0000000000000000
0	0.0000000000000000
0	0.0000000000000000
0	0.0000000000000000
0	0.0000000000000000
0	0.0000000000000000
0	0.0000000000000000
0	0.0000000000000000
0	0.0000000000000000
0	0.0000000000000000
0	0.0000000000000000
0	0.0000000000000000
0	0.0000000000000000
0	0.0000000000000000
0	0.0000000000000000
0	0.0000000000000000
0	0.0000000000000000
0	0.0000000000000000
0	0.0000000000000000
0	0.0000000000000000
0	0.0000000000000000
0	0.0000000000000000
0	0.0000000000000000
0	0.0000000000000000
0	0.0000000000000000
0	0.0000000000000000
0	0.0000000000000000
0	0.0000000000000000
0	0.0000000000000000
0	0.0000000000000000
0	0.0000000000000000
0	0.0000000000000000
0	0.0000000000000000
0	0.0000000000000000
0	0.0000000000000000
0	0.0000000000000000
0	0.0000000000000000
0	0.0000000000000000
0	0.0000000000000000
0	0.0000000000000000
0	0.0000000000000000
0	0.0000000000000000
0	0.0000000000000000
0	0.0000000000000000
0	0.0000000000000000
0	0.0000000000000000
0	0.0000000000000000
0	0.0000000000000000
0	0.0000000000000000
0	0.0000000000000000
0	0.0000000000000000
0	0.0000000000000000
0	0.0000000000000000
0	0.0000000000000000
0	0.0000000000000000
0	0.0000000000000000
0	0.0000000000000000
0	0.0000000000000000
0	0.0000000000000000
0	0.0000000000000000
0	0.0000000000000000
0	0.0000000000000000
0	0.0000000000000000
0	0.0000000000000000
0	0.0000000000000000
0	0.0000000000000000
0	0.0000000000000000
0	0.0000000000000000
0	0.0000000000000000
0	0.0000000000000000
0	0.0000000000000000
0	0.0000000000000000
0	0.0000000000000000
0	0.0000000000000000
0	0.0000000000000000
0	0.0000000000000000
0	0.0000000000000000
0	0.0000000000000000
0	0.0000000000000000
0	0.0000000000000000
0	0.0000000000000000
0	0.0000000000000000
0	0.0000000000000000
0	0.0000000000000000
0	0.0000000000000000
0	0.0000000000000000
0	0.0000000000000000
0	0.0000000000000000
0	0.0000000000000000
0	0.0000000000000000
0	0.0000000000000000
0	0.0000000000000000
0	0.0000000000000000
0	0.0000000000000000
0	0.0000000000000000
0	0.0000000000000000
0	0.0000000000000000
0	0.0000000000000000
0	0.0000000000000000
0	0.0000000000000000
0	0.0000000000000000
0	0.0000000000000000
0	0.0000000000000000
0	0.0000000000000000
0	0.0000000000000000
0	0.0000000000000000
0	0.0000000000000000
0	0.0000000000000000
0	0.0000000000000000
0	0.0000000000000000
0	0.0000000000000000
0	0.0000000000000000
0	0.0000000000000000
0	0.0000000000000000
0	0.0000000000000000
0	0.0000000000000000
0	0.0000000000000000
0	0.0000000000000000
0	0.0000000000000000
0	0.0000000000000000
0	0.0000000000000000
0	0.0000000000000000
0	0.0000000000000000
0	0.0000000000000000
0	0.0000000000000000
0	0.0000000000000000
0	0.0000000000000000
0	0.0000000000000000
0	0.0000000000000000
0	0.0000000000000000
0	0.0000000000000000
0	0.0000000000000000
0	0.0000000000000000
0	0.0000000000000000
0	0.0000000000000000
0	0.0000000000000000
0	0.0000000000000000
0	0.0000000000000000
0	0.0000000000000000
0	0.0000000000000000
0	0.0000000000000000
0	0.0000000000000000
0	0.0000000000000000
0	0.0000000000000000
0	0.0000000000000000
0	0.0000000000000000
0	0.0000000000000000
0	0.0000000000000000
0	0.0000000000000000
0	0.0000000000000000
0	0.0000000000000000
0	0.0000000000000000
0	0.0000000000000000
0	0.0000000000000000
0	0.0000000000000000
0	0.0000000000000000
0	0.0000000000000000
0	0.0000000000000000
0	0.0000000000000000
0	0.0000000000000000
0	0.0000000000000000
0	0.0000000000000000
0	0.0000000000000000
0	0.0000000000000000
0	0.0000000000000000
0	0.0000000000000000
0	0.0000000000000000
0	0.0000000000000000
0	0.0000000000000000
0	0.0000000000000000
0	0.0000000000000000
0	0.0000000000000000
0	0.0000000000000000
0	0.0000000000000000
0	0.0000000000000000
0	0.0000000000000000
0	0.0000000000000000
0	0.0000000000000000
0	0.0000000000000000
0	0.0000000000000000
0	0.0000000000000000
0	0.0000000000000000
0	0.0000000000000000
0	0.0000000000000000
0	0.0000000000000000
0	0.0000000000000000
0	0.0000000000000000
0	0.0000000000000000
0	0.0000000000000000
0	0.0000000000000000
0	0.0000000000000000
0	0.0000000000000000
0	0.0000000000000000
0	0.0000000000000000
0	0.0000000000000000
0	0.0000000000000000
0	0.0000000000000000
0	0.0000000000000000
0	0.0000000000000000
0	0.0000000000000000
0	0.0000000000000000
0	0.0000000000000000
0	0.0000000000000000
0	0.0000000000000000
0	0.0000000000000000
0	0.0000000000000000
0	0.0000000000000000
0	0.0000000000000000
0	0.0000000000000000
0	0.0000000000000000
0	0.0000000000000000
0	0.0000000000000000
0	0.0000000000000000
0	0.0000000000000000
0	0.0000000000000000
0	0.0000000000000000
0	0.0000000000000000
0	0.0000000000000000
0	0.0000000000000000
0	0.0000000000000000
0	0.0000000000000000
0	0.0000000000000000
0	0.0000000000000000
0	0.0000000000000000
0	0.0000000000000000
0	0.0000000000000000
0	0.0000000000000000
0	0.0000000000000000
0	0.0000000000000000
0	0.0000000000000000
0	0.0000000000000000
0	0.0000000000000000
0	0.0000000000000000
0	0.0000000000000000
0	0.0000000000000000
0	0.0000000000000000
0	0.0000000000000000
0	0.0000000000000000
0	0.0000000000000000
0	0.0000000000000000
0	0.0000000000000000
0	0.0000000000000000
0	0.0000000000000000
0	0.0000000000000000
0	0.0000000000000000
0	0.0000000000000000
0	0.0000000000000000
0	0.0000000000000000
0	0.0000000000000000
0	0.0000000000000000
0	0.0000000000000000
0	0.0000000000000000
0	0.0000000000000000
0	0.0000000000000000
0	0.0000000000000000
0	0.0000000000000000
0	0.0000000000000000
0	0.0000000000000000
0	0.0000000000000000
0	0.0000000000000000
0	0.0000000000000000
0	0.0000000000000000
0	0.0000000000000000
0	0.0000000000000000
0	0.0000000000000000
0	0.0000000000000000
0	0.0000000000000000
0	0.0000000000000000
0	0.0000000000000000
0	0.0000000000000000
0	0.0000000000000000
0	0.0000000000000000
0	0.0000000000000000
0	0.0000000000000000
0	0.0000000000000000
0	0.0000000000000000
0	0.0000000000000000
0	0.0000000000000000
0	0.0000000000000000
0	0.0000000000000000
0	0.0000000000000000
0	0.0000000000000000
0	0.0000000000000000
0	0.0000000000000000
0	0.0000000000000000
0	0.0000000000000000
0	0.0000000000000000
0	0.0000000000000000
0	0.0000000000000000
0	0.0000000000000000
0	0.0000000000000000
0	0.0000000000000000
0	0.0000000000000000
0	0.0000000000000000
0	0.0000000000000000
0	0.0000000000000000
0	0.0000000000000000
0	0.0000000000000000
0	0.0000000000000000
0	0.0000000000000000
0	0.0000000000000000
0	0.0000000000000000
0	0.0000000000000000
0	0.0000000000000000
0	0.0000000000000000
0	0.0000000000000000
0	0.0000000000000000
0	0.0000000000000000
0	0.0000000000000000
0	0.0000000000000000
0	0.0000000000000000
0	0.0000000000000000
0	0.0000000000000000
0	0.0000000000000000
0	0.0000000000000000
0	0.0000000000000000
0	0.0000000000000000
0	0.0000000000000000
0	0.0000000000000000
0	0.0000000000000000
0	0.0000000000000000
0	0.0000000000000000
0	0.0000000000000000
0	0.0000000000000000
0	0.0000000000000000
0	0.0000000000000000
0	0.0000000000000000
0	0.0000000000000000
0	0.0000000000000000
0	0.0000000000000000
0	0.0000000000000000
0	0.0000000000000000
0	0.0000000000000000
0	0.0000000000000000
0	0.0000000000000000
0	0.0000000000000000
0	0.0000000000000000
0	0.0000000000000000
0	0.0000000000000000
0	0.0000000000000000
0	0.0000000000000000
0	0.0000000000000000
0	0.0000000000000000
0	0.0000000000000000
0	0.0000000000000000
0	0.0000000000000000
0	0.0000000000000000
0	0.0000000000000000
0	0.0000000000000000
0	0.0000000000000000
0	0.0000000000000000
0	0.0000000000000000
0	0.0000000000000000
0	0.0000000000000000
0	0.0000000000000000
0	0.0000000000000000
0	0.0000000000000000
0	0.0000000000000000
0	0.0000000000000000
0	0.0000000000000000
0	0.0000000000000000
0	0.0000000000000000
0	0.0000000000000000
0	0.0000000000000000
0	0.0000000000000000
0	0.0000000000000000
0	0.0000000000000000
0	0.0000000000000000
0	0.0000000000000000
0	0.0000000000000000
0	0.0000000000000000
0	0.0000000000000000
0	0.0000000000000000
0	0.0000000000000000
0	0.0000000000000000
0	0.0000000000000000
0	0.0000000000000000
0	0.0000000000000000
0	0.0000000000000000
0	0.0000000000000000
0	0.0000000000000000
0	0.0000000000000000
0	0.0000000000000000
0	0.0000000000000000
0	0.0000000000000000
0	0.0000000000000000
0	0.0000000000000000
0	0.0000000000000000
0	0.0000000000000000
0	0.0000000000000000
0	0.0000000000000000
0	0.0000000000000000
0	0.0000000000000000
0	0.0000000000000000
0	0.0000000000000000
0	0.0000000000000000
0	0.0000000000000000
0	0.0000000000000000
0	0.0000000000000000
0	0.0000000000000000
0	0.0000000000000000
0	0.0000000000000000
0	0.0000000000000000
0	0.0000000000000000
0	0.0000000000000000
0	0.0000000000000000
0	0.0000000000000000
0	0.0000000000000000
0	0.0000000000000000
0	0.0000000000000000
0	0.0000000000000000
0	0.0000000000000000
0	0.0000000000000000
0	0.0000000000000000
0	0.0000000000000000
0	0.0000000000000000
0	0.0000000000000000
0	0.0000000000000000
0	0.0000000000000000
0	0.0000000000000000
0	0.0000000000000000
0	0.0000000000000000
0	0.0000000000000000
0	0.0000000000000000
0	0.0000000000000000
0	0.0000000000000000
0	0.0000000000000000
0	0.0000000000000000
0	0.0000000000000000
0	0.0000000000000000
0	0.0000000000000000
0	0.0000000000000000
0	0.0000000000000000
0	0.0000000000000000
0	0.0000000000000000
0	0.0000000000000000
0	0.0000000000000000
0	0.0000000000000000
0	0.0000000000000000
0	0.0000000000000000
0	0.0000000000000000
0	0.0000000000000000
0	0.0000000000000000
0	0.0000000000000000
0	0.0000000000000000
0	0.0000000000000000
0	0.0000000000000000
0	0.0000000000000000
0	0.0000000000000000
0	0.0000000000000000
0	0.0000000000000000
0	0.0000000000000000
0	0.0000000000000000
0	0.0000000000000000
0	0.0000000000000000
0	0.0000000000000000
0	0.0000000000000000
0	0.0000000000000000
0	0.0000000000000000
0	0.0000000000000000
0	0.0000000000000000
0	0.0000000000000000
0	0.0000000000000000
0	0.0000000000000000
0	0.0000000000000000
0	0.0000000000000000
0	0.0000000000000000
0	0.0000000000000000
0	0.0000000000000000
0	0.0000000000000000
0	0.0000000000000000
0	0.0000000000000000
0	0.0000000000000000
0	0.0000000000000000
0	0.0000000000000000
0	0.0000000000000000
0	0.0000000000000000
0	0.0000000000000000
0	0.0000000000000000
0	0.0000000000000000
0	0.0000000000000000
0	0.0000000000000000
0	0.0000000000000000
0	0.0000000000000000
0	0.0000000000000000
0	0.0000000000000000
0	0.0000000000000000
0	0.0000000000000000
0	0.0000000000000000
0	0.0000000000000000
0	0.0000000000000000
0	0.0000000000000000
0	0.0000000000000000
0	0.0000000000000000
0	0.0000000000000000
0	0.0000000000000000
0	0.0000000000000000
0	0.0000000000000000
0	0.0000000000000000
0	0.0000000000000000
0	0.0000000000000000
0	0.0000000000000000
0	0.0000000000000000
0	0.0000000000000000
0	0.0000000000000000
0	0.0000000000000000
0	0.0000000000000000
0	0.0000000000000000
