2	0.9997999999998948
3	0.9997999999998948
4	0.9997999999998948
5	0.9997999999998948
6	0.9997999999998948
7	0.9997999999998948
8	0.9997999999998948
9	0.9997999999998948
10	0.9997999999998948
12	0.9997999999998948
13	0.9997999999998948
14	0.9997999999998948
16	0.9997999999998948
17	0.9997999999998948
18	0.9997999999998948
20	0.9997999999998948
21	0.9997999999998948
23	0.9997999999998948
24	0.9997999999998948
26	0.9997999999998948
27	0.9997999999998948
29	0.9997999999998948
30	0.9997999999998948
32	0.9997999999998948
34	0.9997999999998948
35	0.9997999999998948
37	0.9997999999998948
39	0.9997999999998948
41	0.9997999999998948
43	0.9997999999998948
44	0.9997999999998948
46	0.9997999999998948
48	0.9997999999998948
50	0.9997999999998948
53	0.9997999999998948
55	0.9997999999998948
57	0.9997999999998948
59	0.9997999999998948
61	0.9997999999998948
64	0.9997999999998948
66	0.9997999999998948
68	0.9997999999998948
71	0.9997999999998948
73	0.9997999999998948
76	0.9997999999998948
78	0.9997999999998948
81	0.9997999999998948
84	0.9997999999998948
86	0.9997999999998948
89	0.9997999999998948
92	0.9997999999998948
95	0.9997999999998948
98	0.9997999999998948
101	0.9997999999998948
104	0.9997999999998948
108	0.9997999999998948
111	0.9997999999998948
114	0.9997999999998948
118	0.9997999999998948
121	0.9997999999998948
125	0.9997999999998948
128	0.9997999999998948
132	0.9997999999998948
136	0.9997999999998948
140	0.9997999999998948
144	0.9997999999998948
148	0.9997999999998948
152	0.9997999999998948
156	0.9997999999998948
160	0.9997999999998948
165	0.9997999999998948
169	0.9997999999998948
174	0.9997999999998948
178	0.9997999999998948
183	0.9997999999998948
188	0.9997999999998948
193	0.9997999999998948
198	0.9997999999998948
203	0.9997999999998948
208	0.9997999999998948
214	0.9997999999998948
219	0.9997999999998948
225	0.9997999999998948
230	0.9997999999998948
236	0.9997999999998948
242	0.9997999999998948
248	0.9997999999998948
255	0.9997999999998948
261	0.9997999999998948
267	0.9997999999998948
274	0.9997999999998948
281	0.9997999999998948
288	0.9997999999998948
295	0.9997999999998948
302	0.9997999999998948
309	0.9997999999998948
317	0.9997999999998948
325	0.9997999999998948
332	0.9997999999998948
340	0.9997999999998948
349	0.9997999999998948
357	0.9997999999998948
365	0.9997999999998948
374	0.9997999999998948
383	0.9997999999998948
392	0.9997999999998948
401	0.9997999999998948
411	0.9997999999998948
420	0.9997999999998948
430	0.9997999999998948
440	0.9997999999998948
450	0.9997999999998948
461	0.9997999999998948
472	0.9997999999998948
482	0.9997999999998948
494	0.9997999999998948
505	0.9997999999998948
517	0.9997999999998948
528	0.9997999999998948
541	0.9997999999998948
553	0.9997999999998948
566	0.9997999999998948
578	0.9997999999998948
592	0.9997999999998948
605	0.9997999999998948
619	0.9997999999998948
633	0.9997999999998948
647	0.9997999999998948
662	0.9997999999998948
677	0.9997999999998948
692	0.9997999999998948
707	0.9997999999998948
723	0.9997999999998948
739	0.9997999999998948
756	0.9997999999998948
773	0.9997999999998948
790	0.9997999999998948
808	0.9997999999998948
826	0.9997999999998948
844	0.9997999999998948
863	0.9997999999998948
882	0.9997999999998948
901	0.9997999999998948
921	0.9997999999998948
942	0.9997999999998948
962	0.9997999999998948
984	0.9997999999998948
0	0.0000000000000000
0	0.0000000000000000
0	0.0000000000000000
0	0.0000000000000000
0	0.0000000000000000
0	0.0000000000000000
0	0.0000000000000000
0	0.0000000000000000
0	0.0000000000000000
0	0.0000000000000000
0	0.0000000000000000
0	0.0000000000000000
0	0.0000000000000000
0	0.0000000000000000
0	0.0000000000000000
0	0.0000000000000000
0	0.0000000000000000
0	0.0000000000000000
0	0.0000000000000000
0	0.0000000000000000
0	0.0000000000000000
0	0.0000000000000000
0	0.0000000000000000
0	0.0000000000000000
0	0.0000000000000000
0	0.0000000000000000
0	0.0000000000000000
0	0.0000000000000000
0	0.0000000000000000
0	0.0000000000000000
0	0.0000000000000000
0	0.0000000000000000
0	0.0000000000000000
0	0.0000000000000000
0	0.0000000000000000
0	0.0000000000000000
0	0.0000000000000000
0	0.0000000000000000
0	0.0000000000000000
0	0.0000000000000000
0	0.0000000000000000
0	0.0000000000000000
0	0.0000000000000000
0	0.0000000000000000
0	0.0000000000000000
0	0.0000000000000000
0	0.0000000000000000
0	0.0000000000000000
0	0.0000000000000000
0	0.0000000000000000
0	0.0000000000000000
0	0.0000000000000000
0	0.0000000000000000
0	0.0000000000000000
0	0.0000000000000000
0	0.0000000000000000
0	0.0000000000000000
0	0.0000000000000000
0	0.0000000000000000
0	0.0000000000000000
0	0.0000000000000000
0	0.0000000000000000
0	0.0000000000000000
0	0.0000000000000000
0	0.0000000000000000
0	0.0000000000000000
0	0.0000000000000000
0	0.0000000000000000
0	0.0000000000000000
0	0.0000000000000000
0	0.0000000000000000
0	0.0000000000000000
0	0.0000000000000000
0	0.0000000000000000
0	0.0000000000000000
0	0.0000000000000000
0	0.0000000000000000
0	0.0000000000000000
0	0.0000000000000000
0	0.0000000000000000
0	0.0000000000000000
0	0.0000000000000000
0	0.0000000000000000
0	0.0000000000000000
0	0.0000000000000000
0	0.0000000000000000
0	0.0000000000000000
0	0.0000000000000000
0	0.0000000000000000
0	0.0000000000000000
0	0.0000000000000000
0	0.0000000000000000
0	0.0000000000000000
0	0.0000000000000000
0	0.0000000000000000
0	0.0000000000000000
0	0.0000000000000000
0	0.0000000000000000
0	0.0000000000000000
0	0.0000000000000000
0	0.0000000000000000
0	0.0000000000000000
0	0.0000000000000000
0	0.0000000000000000
0	0.0000000000000000
0	0.0000000000000000
0	0.0000000000000000
0	0.0000000000000000
0	0.0000000000000000
0	0.0000000000000000
0	0.0000000000000000
0	0.0000000000000000
0	0.0000000000000000
0	0.0000000000000000
0	0.0000000000000000
0	0.0000000000000000
0	0.0000000000000000
0	0.0000000000000000
0	0.0000000000000000
0	0.0000000000000000
0	0.0000000000000000
0	0.0000000000000000
0	0.0000000000000000
0	0.0000000000000000
0	0.0000000000000000
0	0.0000000000000000
0	0.0000000000000000
0	0.0000000000000000
0	0.0000000000000000
0	0.0000000000000000
0	0.0000000000000000
0	0.0000000000000000
0	0.0000000000000000
0	0.0000000000000000
0	0.0000000000000000
0	0.0000000000000000
0	0.0000000000000000
0	0.0000000000000000
0	0.0000000000000000
0	0.0000000000000000
0	0.0000000000000000
0	0.0000000000000000
0	0.0000000000000000
0	0.0000000000000000
0	0.0000000000000000
0	0.0000000000000000
0	0.0000000000000000
0	0.0000000000000000
0	0.0000000000000000
0	0.0000000000000000
0	0.0000000000000000
0	0.0000000000000000
0	0.0000000000000000
0	0.0000000000000000
0	0.0000000000000000
0	0.0000000000000000
0	0.0000000000000000
0	0.0000000000000000
0	0.0000000000000000
0	0.0000000000000000
0	0.0000000000000000
0	0.0000000000000000
0	0.0000000000000000
0	0.0000000000000000
0	0.0000000000000000
0	0.0000000000000000
0	0.0000000000000000
0	0.0000000000000000
0	0.0000000000000000
0	0.0000000000000000
0	0.0000000000000000
0	0.0000000000000000
0	0.0000000000000000
0	0.0000000000000000
0	0.0000000000000000
0	0.0000000000000000
0	0.0000000000000000
0	0.0000000000000000
0	0.0000000000000000
0	0.0000000000000000
0	0.0000000000000000
0	0.0000000000000000
0	0.0000000000000000
0	0.0000000000000000
0	0.0000000000000000
0	0.0000000000000000
0	0.0000000000000000
0	0.0000000000000000
0	0.0000000000000000
0	0.0000000000000000
0	0.0000000000000000
0	0.0000000000000000
0	0.0000000000000000
0	0.0000000000000000
0	0.0000000000000000
0	0.0000000000000000
0	0.0000000000000000
0	0.0000000000000000
0	0.0000000000000000
0	0.0000000000000000
0	0.0000000000000000
0	0.0000000000000000
0	0.0000000000000000
0	0.0000000000000000
0	0.0000000000000000
0	0.0000000000000000
0	0.0000000000000000
0	0.0000000000000000
0	0.0000000000000000
0	0.0000000000000000
0	0.0000000000000000
0	0.0000000000000000
0	0.0000000000000000
0	0.0000000000000000
0	0.0000000000000000
0	0.0000000000000000
0	0.0000000000000000
0	0.0000000000000000
0	0.0000000000000000
0	0.0000000000000000
0	0.0000000000000000
0	0.0000000000000000
0	0.0000000000000000
0	0.0000000000000000
0	0.0000000000000000
0	0.0000000000000000
0	0.0000000000000000
0	0.0000000000000000
0	0.0000000000000000
0	0.0000000000000000
0	0.0000000000000000
0	0.0000000000000000
0	0.0000000000000000
0	0.0000000000000000
0	0.0000000000000000
0	0.0000000000000000
0	0.0000000000000000
0	0.0000000000000000
0	0.0000000000000000
0	0.0000000000000000
0	0.0000000000000000
0	0.0000000000000000
0	0.0000000000000000
0	0.0000000000000000
0	0.0000000000000000
0	0.0000000000000000
0	0.0000000000000000
0	0.0000000000000000
0	0.0000000000000000
0	0.0000000000000000
0	0.0000000000000000
0	0.0000000000000000
0	0.0000000000000000
0	0.0000000000000000
0	0.0000000000000000
0	0.0000000000000000
0	0.0000000000000000
0	0.0000000000000000
0	0.0000000000000000
0	0.0000000000000000
0	0.0000000000000000
0	0.0000000000000000
0	0.0000000000000000
0	0.0000000000000000
0	0.0000000000000000
0	0.0000000000000000
0	0.0000000000000000
0	0.0000000000000000
0	0.0000000000000000
0	0.0000000000000000
0	0.0000000000000000
0	0.0000000000000000
0	0.0000000000000000
0	0.0000000000000000
0	0.0000000000000000
0	0.0000000000000000
0	0.0000000000000000
0	0.0000000000000000
0	0.0000000000000000
0	0.0000000000000000
0	0.0000000000000000
0	0.0000000000000000
0	0.0000000000000000
0	0.0000000000000000
0	0.0000000000000000
0	0.0000000000000000
0	0.0000000000000000
0	0.0000000000000000
0	0.0000000000000000
0	0.0000000000000000
0	0.0000000000000000
0	0.0000000000000000
0	0.0000000000000000
0	0.0000000000000000
0	0.0000000000000000
0	0.0000000000000000
0	0.0000000000000000
0	0.0000000000000000
0	0.0000000000000000
0	0.0000000000000000
0	0.0000000000000000
0	0.0000000000000000
0	0.0000000000000000
0	0.0000000000000000
0	0.0000000000000000
0	0.0000000000000000
0	0.0000000000000000
0	0.0000000000000000
0	0.0000000000000000
0	0.0000000000000000
0	0.0000000000000000
0	0.0000000000000000
0	0.0000000000000000
0	0.0000000000000000
0	0.0000000000000000
0	0.0000000000000000
0	0.0000000000000000
0	0.0000000000000000
0	0.0000000000000000
0	0.0000000000000000
0	0.0000000000000000
0	0.0000000000000000
0	0.0000000000000000
0	0.0000000000000000
0	0.0000000000000000
0	0.0000000000000000
0	0.0000000000000000
0	0.0000000000000000
0	0.0000000000000000
0	0.0000000000000000
0	0.0000000000000000
0	0.0000000000000000
0	0.0000000000000000
0	0.0000000000000000
0	0.0000000000000000
0	0.0000000000000000
0	0.0000000000000000
0	0.0000000000000000
0	0.0000000000000000
0	0.0000000000000000
0	0.0000000000000000
0	0.0000000000000000
0	0.0000000000000000
0	0.0000000000000000
0	0.0000000000000000
0	0.0000000000000000
0	0.0000000000000000
0	0.0000000000000000
0	0.0000000000000000
0	0.0000000000000000
0	0.0000000000000000
0	0.0000000000000000
0	0.0000000000000000
0	0.0000000000000000
0	0.0000000000000000
0	0.0000000000000000
0	0.0000000000000000
0	0.0000000000000000
0	0.0000000000000000
0	0.0000000000000000
0	0.0000000000000000
0	0.0000000000000000
0	0.0000000000000000
0	0.0000000000000000
0	0.0000000000000000
0	0.0000000000000000
0	0.0000000000000000
0	0.0000000000000000
0	0.0000000000000000
0	0.0000000000000000
0	0.0000000000000000
0	0.0000000000000000
0	0.0000000000000000
0	0.0000000000000000
0	0.0000000000000000
0	0.0000000000000000
0	0.0000000000000000
0	0.0000000000000000
0	0.0000000000000000
0	0.0000000000000000
0	0.0000000000000000
0	0.0000000000000000
0	0.0000000000000000
0	0.0000000000000000
0	0.0000000000000000
0	0.0000000000000000
0	0.0000000000000000
0	0.0000000000000000
0	0.0000000000000000
0	0.0000000000000000
0	0.0000000000000000
0	0.0000000000000000
0	0.0000000000000000
0	0.0000000000000000
0	0.0000000000000000
0	0.0000000000000000
0	0.0000000000000000
0	0.0000000000000000
0	0.0000000000000000
0	0.0000000000000000
0	0.0000000000000000
0	0.0000000000000000
0	0.0000000000000000
0	0.0000000000000000
0	0.0000000000000000
0	0.0000000000000000
0	0.0000000000000000
0	0.0000000000000000
0	0.0000000000000000
0	0.0000000000000000
0	0.0000000000000000
0	0.0000000000000000
0	0.0000000000000000
0	0.0000000000000000
0	0.0000000000000000
0	0.0000000000000000
0	0.0000000000000000
0	0.0000000000000000
0	0.0000000000000000
0	0.0000000000000000
0	0.0000000000000000
0	0.0000000000000000
0	0.0000000000000000
0	0.0000000000000000
0	0.0000000000000000
0	0.0000000000000000
0	0.0000000000000000
0	0.0000000000000000
0	0.0000000000000000
0	0.0000000000000000
0	0.0000000000000000
0	0.0000000000000000
0	0.0000000000000000
0	0.0000000000000000
0	0.0000000000000000
0	0.0000000000000000
0	0.0000000000000000
0	0.0000000000000000
0	0.0000000000000000
0	0.0000000000000000
0	0.0000000000000000
0	0.0000000000000000
0	0.0000000000000000
0	0.0000000000000000
0	0.0000000000000000
0	0.0000000000000000
0	0.0000000000000000
0	0.0000000000000000
0	0.0000000000000000
0	0.0000000000000000
0	0.0000000000000000
0	0.0000000000000000
0	0.0000000000000000
0	0.0000000000000000
0	0.0000000000000000
0	0.0000000000000000
0	0.0000000000000000
0	0.0000000000000000
0	0.0000000000000000
0	0.0000000000000000
0	0.0000000000000000
0	0.0000000000000000
0	0.0000000000000000
0	0.0000000000000000
0	0.0000000000000000
0	0.0000000000000000
0	0.0000000000000000
0	0.0000000000000000
0	0.0000000000000000
0	0.0000000000000000
0	0.0000000000000000
0	0.0000000000000000
0	0.0000000000000000
0	0.0000000000000000
0	0.0000000000000000
0	0.0000000000000000
0	0.0000000000000000
0	0.0000000000000000
0	0.0000000000000000
0	0.0000000000000000
0	0.0000000000000000
0	0.0000000000000000
0	0.0000000000000000
0	0.0000000000000000
0	0.0000000000000000
0	0.0000000000000000
0	0.0000000000000000
0	0.0000000000000000
0	0.0000000000000000
0	0.0000000000000000
0	0.0000000000000000
0	0.0000000000000000
0	0.0000000000000000
0	0.0000000000000000
0	0.0000000000000000
0	0.0000000000000000
0	0.0000000000000000
0	0.0000000000000000
0	0.0000000000000000
0	0.0000000000000000
0	0.0000000000000000
0	0.0000000000000000
0	0.0000000000000000
0	0.0000000000000000
0	0.0000000000000000
0	0.0000000000000000
0	0.0000000000000000
0	0.0000000000000000
0	0.0000000000000000
0	0.0000000000000000
0	0.0000000000000000
0	0.0000000000000000
0	0.0000000000000000
0	0.0000000000000000
0	0.0000000000000000
0	0.0000000000000000
0	0.0000000000000000
0	0.0000000000000000
0	0.0000000000000000
0	0.0000000000000000
0	0.0000000000000000
0	0.0000000000000000
0	0.0000000000000000
0	0.0000000000000000
0	0.0000000000000000
0	0.0000000000000000
0	0.0000000000000000
0	0.0000000000000000
0	0.0000000000000000
0	0.0000000000000000
0	0.0000000000000000
0	0.0000000000000000
0	0.0000000000000000
0	0.0000000000000000
0	0.0000000000000000
0	0.0000000000000000
0	0.0000000000000000
0	0.0000000000000000
0	0.0000000000000000
0	0.0000000000000000
0	0.0000000000000000
0	0.0000000000000000
0	0.0000000000000000
0	0.0000000000000000
0	0.0000000000000000
0	0.0000000000000000
0	0.0000000000000000
0	0.0000000000000000
0	0.0000000000000000
0	0.0000000000000000
0	0.0000000000000000
0	0.0000000000000000
0	0.0000000000000000
0	0.0000000000000000
0	0.0000000000000000
0	0.0000000000000000
0	0.0000000000000000
0	0.0000000000000000
0	0.0000000000000000
0	0.0000000000000000
0	0.0000000000000000
0	0.0000000000000000
0	0.0000000000000000
0	0.0000000000000000
0	0.0000000000000000
0	0.0000000000000000
0	0.0000000000000000
0	0.0000000000000000
0	0.0000000000000000
0	0.0000000000000000
0	0.0000000000000000
0	0.0000000000000000
0	0.0000000000000000
0	0.0000000000000000
0	0.0000000000000000
0	0.0000000000000000
0	0.0000000000000000
0	0.0000000000000000
0	0.0000000000000000
0	0.0000000000000000
0	0.0000000000000000
0	0.0000000000000000
0	0.0000000000000000
0	0.0000000000000000
0	0.0000000000000000
0	0.0000000000000000
0	0.0000000000000000
0	0.0000000000000000
0	0.0000000000000000
0	0.0000000000000000
0	0.0000000000000000
0	0.0000000000000000
0	0.0000000000000000
0	0.0000000000000000
0	0.0000000000000000
0	0.0000000000000000
0	0.0000000000000000
0	0.0000000000000000
0	0.0000000000000000
0	0.0000000000000000
0	0.0000000000000000
0	0.0000000000000000
0	0.0000000000000000
0	0.0000000000000000
0	0.0000000000000000
0	0.0000000000000000
0	0.0000000000000000
0	0.0000000000000000
0	0.0000000000000000
0	0.0000000000000000
0	0.0000000000000000
0	0.0000000000000000
0	0.0000000000000000
0	0.0000000000000000
0	0.0000000000000000
0	0.0000000000000000
0	0.0000000000000000
0	0.0000000000000000
0	0.0000000000000000
0	0.0000000000000000
0	0.0000000000000000
0	0.0000000000000000
0	0.0000000000000000
0	0.0000000000000000
0	0.0000000000000000
0	0.0000000000000000
0	0.0000000000000000
0	0.0000000000000000
0	0.0000000000000000
0	0.0000000000000000
0	0.0000000000000000
0	0.0000000000000000
0	0.0000000000000000
0	0.0000000000000000
0	0.0000000000000000
0	0.0000000000000000
0	0.0000000000000000
0	0.0000000000000000
0	0.0000000000000000
0	0.0000000000000000
0	0.0000000000000000
0	0.0000000000000000
0	0.0000000000000000
0	0.0000000000000000
0	0.0000000000000000
0	0.0000000000000000
0	0.0000000000000000
0	0.0000000000000000
0	0.0000000000000000
0	0.0000000000000000
0	0.0000000000000000
0	0.0000000000000000
0	0.0000000000000000
0	0.0000000000000000
0	0.0000000000000000
0	0.0000000000000000
0	0.0000000000000000
0	0.0000000000000000
0	0.0000000000000000
0	0.0000000000000000
0	0.0000000000000000
0	0.0000000000000000
0	0.0000000000000000
0	0.0000000000000000
0	0.0000000000000000
0	0.0000000000000000
0	0.0000000000000000
0	0.0000000000000000
0	0.0000000000000000
0	0.0000000000000000
0	0.0000000000000000
0	0.0000000000000000
0	0.0000000000000000
0	0.0000000000000000
0	0.0000000000000000
0	0.0000000000000000
0	0.0000000000000000
0	0.0000000000000000
0	0.0000000000000000
0	0.0000000000000000
0	0.0000000000000000
0	0.0000000000000000
0	0.0000000000000000
0	0.0000000000000000
0	0.0000000000000000
0	0.0000000000000000
0	0.0000000000000000
0	0.0000000000000000
0	0.0000000000000000
0	0.0000000000000000
0	0.0000000000000000
0	0.0000000000000000
0	0.0000000000000000
0	0.0000000000000000
0	0.0000000000000000
0	0.0000000000000000
0	0.0000000000000000
0	0.0000000000000000
0	0.0000000000000000
0	0.0000000000000000
0	0.0000000000000000
0	0.0000000000000000
0	0.0000000000000000
0	0.0000000000000000
0	0.0000000000000000
0	0.0000000000000000
0	0.0000000000000000
0	0.0000000000000000
0	0.0000000000000000
0	0.0000000000000000
0	0.0000000000000000
0	0.0000000000000000
0	0.0000000000000000
0	0.0000000000000000
0	0.0000000000000000
0	0.0000000000000000
0	0.0000000000000000
0	0.0000000000000000
0	0.0000000000000000
0	0.0000000000000000
0	0.0000000000000000
0	0.0000000000000000
0	0.0000000000000000
0	0.0000000000000000
0	0.0000000000000000
0	0.0000000000000000
0	0.0000000000000000
0	0.0000000000000000
0	0.0000000000000000
0	0.0000000000000000
0	0.0000000000000000
0	0.0000000000000000
0	0.0000000000000000
0	0.0000000000000000
0	0.0000000000000000
0	0.0000000000000000
0	0.0000000000000000
0	0.0000000000000000
0	0.0000000000000000
0	0.0000000000000000
0	0.0000000000000000
0	0.0000000000000000
0	0.0000000000000000
0	0.0000000000000000
0	0.0000000000000000
0	0.0000000000000000
0	0.0000000000000000
0	0.0000000000000000
0	0.0000000000000000
0	0.0000000000000000
0	0.0000000000000000
0	0.0000000000000000
0	0.0000000000000000
0	0.0000000000000000
0	0.0000000000000000
0	0.0000000000000000
0	0.0000000000000000
0	0.0000000000000000
0	0.0000000000000000
0	0.0000000000000000
0	0.0000000000000000
0	0.0000000000000000
0	0.0000000000000000
0	0.0000000000000000
0	0.0000000000000000
0	0.0000000000000000
0	0.0000000000000000
0	0.0000000000000000
0	0.0000000000000000
0	0.0000000000000000
0	0.0000000000000000
0	0.0000000000000000
0	0.0000000000000000
0	0.0000000000000000
0	0.0000000000000000
0	0.0000000000000000
0	0.0000000000000000
0	0.0000000000000000
0	0.0000000000000000
0	0.0000000000000000
0	0.0000000000000000
0	0.0000000000000000
0	0.0000000000000000
0	0.0000000000000000
0	0.0000000000000000
0	0.0000000000000000
0	0.0000000000000000
0	0.0000000000000000
0	0.0000000000000000
0	0.0000000000000000
0	0.0000000000000000
0	0.0000000000000000
0	0.0000000000000000
0	0.0000000000000000
0	0.0000000000000000
0	0.0000000000000000
0	0.0000000000000000
0	0.0000000000000000
0	0.0000000000000000
0	0.0000000000000000
0	0.0000000000000000
0	0.0000000000000000
0	0.0000000000000000
0	0.0000000000000000
0	0.0000000000000000
0	0.0000000000000000
0	0.0000000000000000
0	0.0000000000000000
0	0.0000000000000000
0	0.0000000000000000
0	0.0000000000000000
0	0.0000000000000000
0	0.0000000000000000
0	0.0000000000000000
0	0.0000000000000000
0	0.0000000000000000
0	0.0000000000000000
0	0.0000000000000000
0	0.0000000000000000
0	0.0000000000000000
0	0.0000000000000000
0	0.0000000000000000
0	0.0000000000000000
0	0.0000000000000000
0	0.0000000000000000
0	0.0000000000000000
0	0.0000000000000000
0	0.0000000000000000
0	0.0000000000000000
0	0.0000000000000000
0	0.0000000000000000
0	0.0000000000000000
0	0.0000000000000000
0	0.0000000000000000
0	0.0000000000000000
0	0.0000000000000000
0	0.0000000000000000
0	0.0000000000000000
0	0.0000000000000000
0	0.0000000000000000
0	0.0000000000000000
0	0.0000000000000000
0	0.0000000000000000
0	0.0000000000000000
0	0.0000000000000000
0	0.0000000000000000
0	0.0000000000000000
0	0.0000000000000000
0	0.0000000000000000
0	0.0000000000000000
0	0.0000000000000000
0	0.0000000000000000
0	0.0000000000000000
