2	0.04920492
3	0.04306337
4	0.03774629
5	0.03310678
6	0.02921678
7	0.02608221
8	0.02356945
9	0.02152257
10	0.01976330
12	0.01686929
13	0.01570254
14	0.01468995
16	0.01303886
17	0.01235273
18	0.01174207
20	0.01070479
21	0.01025461
23	0.00943844
24	0.00907944
26	0.00846309
27	0.00817804
29	0.00765315
30	0.00742760
32	0.00705900
34	0.00671058
35	0.00652603
37	0.00615759
39	0.00581675
41	0.00551881
43	0.00525587
44	0.00513801
46	0.00491253
48	0.00470366
50	0.00452337
53	0.00428626
55	0.00414329
57	0.00401206
59	0.00389628
61	0.00377519
64	0.00359268
66	0.00348391
68	0.00338846
71	0.00324436
73	0.00315147
76	0.00303614
78	0.00297054
81	0.00285555
84	0.00273460
86	0.00265854
89	0.00256787
92	0.00251381
95	0.00242199
98	0.00234003
101	0.00228362
104	0.00221385
108	0.00212030
111	0.00207516
114	0.00201522
118	0.00193017
121	0.00187174
125	0.00181804
128	0.00178459
132	0.00173269
136	0.00168786
140	0.00163808
144	0.00158734
148	0.00154353
152	0.00150563
156	0.00146333
160	0.00142155
165	0.00137430
169	0.00134450
174	0.00131048
178	0.00128109
183	0.00125807
188	0.00122735
193	0.00119777
198	0.00117665
203	0.00114661
208	0.00112082
214	0.00109519
219	0.00106818
225	0.00103238
230	0.00100368
236	0.00097372
242	0.00095213
248	0.00093343
255	0.00090485
261	0.00088905
267	0.00086709
274	0.00084594
281	0.00082962
288	0.00080933
295	0.00078485
302	0.00076589
309	0.00074500
317	0.00072757
325	0.00070480
332	0.00069612
340	0.00067570
349	0.00065884
357	0.00064702
365	0.00063275
374	0.00061847
383	0.00060399
392	0.00059093
401	0.00057541
411	0.00056021
420	0.00055153
430	0.00053703
440	0.00052462
450	0.00051378
461	0.00050062
472	0.00048824
482	0.00047499
494	0.00046349
505	0.00045503
517	0.00044193
528	0.00043129
541	0.00042146
553	0.00041320
566	0.00040338
578	0.00039275
592	0.00038212
605	0.00037156
619	0.00036348
633	0.00035727
647	0.00034689
662	0.00033855
677	0.00032985
692	0.00032261
707	0.00031370
723	0.00030636
739	0.00029854
756	0.00029039
773	0.00028324
790	0.00027332
808	0.00026758
826	0.00025969
844	0.00025400
863	0.00024704
882	0.00023963
901	0.00023425
921	0.00022960
942	0.00022386
962	0.00021922
984	0.00021499
0	0.00000000
0	0.00000000
0	0.00000000
0	0.00000000
0	0.00000000
0	0.00000000
0	0.00000000
0	0.00000000
0	0.00000000
0	0.00000000
0	0.00000000
0	0.00000000
0	0.00000000
0	0.00000000
0	0.00000000
0	0.00000000
0	0.00000000
0	0.00000000
0	0.00000000
0	0.00000000
0	0.00000000
0	0.00000000
0	0.00000000
0	0.00000000
0	0.00000000
0	0.00000000
0	0.00000000
0	0.00000000
0	0.00000000
0	0.00000000
0	0.00000000
0	0.00000000
0	0.00000000
0	0.00000000
0	0.00000000
0	0.00000000
0	0.00000000
0	0.00000000
0	0.00000000
0	0.00000000
0	0.00000000
0	0.00000000
0	0.00000000
0	0.00000000
0	0.00000000
0	0.00000000
0	0.00000000
0	0.00000000
0	0.00000000
0	0.00000000
0	0.00000000
0	0.00000000
0	0.00000000
0	0.00000000
0	0.00000000
0	0.00000000
0	0.00000000
0	0.00000000
0	0.00000000
0	0.00000000
0	0.00000000
0	0.00000000
0	0.00000000
0	0.00000000
0	0.00000000
0	0.00000000
0	0.00000000
0	0.00000000
0	0.00000000
0	0.00000000
0	0.00000000
0	0.00000000
0	0.00000000
0	0.00000000
0	0.00000000
0	0.00000000
0	0.00000000
0	0.00000000
0	0.00000000
0	0.00000000
0	0.00000000
0	0.00000000
0	0.00000000
0	0.00000000
0	0.00000000
0	0.00000000
0	0.00000000
0	0.00000000
0	0.00000000
0	0.00000000
0	0.00000000
0	0.00000000
0	0.00000000
0	0.00000000
0	0.00000000
0	0.00000000
0	0.00000000
0	0.00000000
0	0.00000000
0	0.00000000
0	0.00000000
0	0.00000000
0	0.00000000
0	0.00000000
0	0.00000000
0	0.00000000
0	0.00000000
0	0.00000000
0	0.00000000
0	0.00000000
0	0.00000000
0	0.00000000
0	0.00000000
0	0.00000000
0	0.00000000
0	0.00000000
0	0.00000000
0	0.00000000
0	0.00000000
0	0.00000000
0	0.00000000
0	0.00000000
0	0.00000000
0	0.00000000
0	0.00000000
0	0.00000000
0	0.00000000
0	0.00000000
0	0.00000000
0	0.00000000
0	0.00000000
0	0.00000000
0	0.00000000
0	0.00000000
0	0.00000000
0	0.00000000
0	0.00000000
0	0.00000000
0	0.00000000
0	0.00000000
0	0.00000000
0	0.00000000
0	0.00000000
0	0.00000000
0	0.00000000
0	0.00000000
0	0.00000000
0	0.00000000
0	0.00000000
0	0.00000000
0	0.00000000
0	0.00000000
0	0.00000000
0	0.00000000
0	0.00000000
0	0.00000000
0	0.00000000
0	0.00000000
0	0.00000000
0	0.00000000
0	0.00000000
0	0.00000000
0	0.00000000
0	0.00000000
0	0.00000000
0	0.00000000
0	0.00000000
0	0.00000000
0	0.00000000
0	0.00000000
0	0.00000000
0	0.00000000
0	0.00000000
0	0.00000000
0	0.00000000
0	0.00000000
0	0.00000000
0	0.00000000
0	0.00000000
0	0.00000000
0	0.00000000
0	0.00000000
0	0.00000000
0	0.00000000
0	0.00000000
0	0.00000000
0	0.00000000
0	0.00000000
0	0.00000000
0	0.00000000
0	0.00000000
0	0.00000000
0	0.00000000
0	0.00000000
0	0.00000000
0	0.00000000
0	0.00000000
0	0.00000000
0	0.00000000
0	0.00000000
0	0.00000000
0	0.00000000
0	0.00000000
0	0.00000000
0	0.00000000
0	0.00000000
0	0.00000000
0	0.00000000
0	0.00000000
0	0.00000000
0	0.00000000
0	0.00000000
0	0.00000000
0	0.00000000
0	0.00000000
0	0.00000000
0	0.00000000
0	0.00000000
0	0.00000000
0	0.00000000
0	0.00000000
0	0.00000000
0	0.00000000
0	0.00000000
0	0.00000000
0	0.00000000
0	0.00000000
0	0.00000000
0	0.00000000
0	0.00000000
0	0.00000000
0	0.00000000
0	0.00000000
0	0.00000000
0	0.00000000
0	0.00000000
0	0.00000000
0	0.00000000
0	0.00000000
0	0.00000000
0	0.00000000
0	0.00000000
0	0.00000000
0	0.00000000
0	0.00000000
0	0.00000000
0	0.00000000
0	0.00000000
0	0.00000000
0	0.00000000
0	0.00000000
0	0.00000000
0	0.00000000
0	0.00000000
0	0.00000000
0	0.00000000
0	0.00000000
0	0.00000000
0	0.00000000
0	0.00000000
0	0.00000000
0	0.00000000
0	0.00000000
0	0.00000000
0	0.00000000
0	0.00000000
0	0.00000000
0	0.00000000
0	0.00000000
0	0.00000000
0	0.00000000
0	0.00000000
0	0.00000000
0	0.00000000
0	0.00000000
0	0.00000000
0	0.00000000
0	0.00000000
0	0.00000000
0	0.00000000
0	0.00000000
0	0.00000000
0	0.00000000
0	0.00000000
0	0.00000000
0	0.00000000
0	0.00000000
0	0.00000000
0	0.00000000
0	0.00000000
0	0.00000000
0	0.00000000
0	0.00000000
0	0.00000000
0	0.00000000
0	0.00000000
0	0.00000000
0	0.00000000
0	0.00000000
0	0.00000000
0	0.00000000
0	0.00000000
0	0.00000000
0	0.00000000
0	0.00000000
0	0.00000000
0	0.00000000
0	0.00000000
0	0.00000000
0	0.00000000
0	0.00000000
0	0.00000000
0	0.00000000
0	0.00000000
0	0.00000000
0	0.00000000
0	0.00000000
0	0.00000000
0	0.00000000
0	0.00000000
0	0.00000000
0	0.00000000
0	0.00000000
0	0.00000000
0	0.00000000
0	0.00000000
0	0.00000000
0	0.00000000
0	0.00000000
0	0.00000000
0	0.00000000
0	0.00000000
0	0.00000000
0	0.00000000
0	0.00000000
0	0.00000000
0	0.00000000
0	0.00000000
0	0.00000000
0	0.00000000
0	0.00000000
0	0.00000000
0	0.00000000
0	0.00000000
0	0.00000000
0	0.00000000
0	0.00000000
0	0.00000000
0	0.00000000
0	0.00000000
0	0.00000000
0	0.00000000
0	0.00000000
0	0.00000000
0	0.00000000
0	0.00000000
0	0.00000000
0	0.00000000
0	0.00000000
0	0.00000000
0	0.00000000
0	0.00000000
0	0.00000000
0	0.00000000
0	0.00000000
0	0.00000000
0	0.00000000
0	0.00000000
0	0.00000000
0	0.00000000
0	0.00000000
0	0.00000000
0	0.00000000
0	0.00000000
0	0.00000000
0	0.00000000
0	0.00000000
0	0.00000000
0	0.00000000
0	0.00000000
0	0.00000000
0	0.00000000
0	0.00000000
0	0.00000000
0	0.00000000
0	0.00000000
0	0.00000000
0	0.00000000
0	0.00000000
0	0.00000000
0	0.00000000
0	0.00000000
0	0.00000000
0	0.00000000
0	0.00000000
0	0.00000000
0	0.00000000
0	0.00000000
0	0.00000000
0	0.00000000
0	0.00000000
0	0.00000000
0	0.00000000
0	0.00000000
0	0.00000000
0	0.00000000
0	0.00000000
0	0.00000000
0	0.00000000
0	0.00000000
0	0.00000000
0	0.00000000
0	0.00000000
0	0.00000000
0	0.00000000
0	0.00000000
0	0.00000000
0	0.00000000
0	0.00000000
0	0.00000000
0	0.00000000
0	0.00000000
0	0.00000000
0	0.00000000
0	0.00000000
0	0.00000000
0	0.00000000
0	0.00000000
0	0.00000000
0	0.00000000
0	0.00000000
0	0.00000000
0	0.00000000
0	0.00000000
0	0.00000000
0	0.00000000
0	0.00000000
0	0.00000000
0	0.00000000
0	0.00000000
0	0.00000000
0	0.00000000
0	0.00000000
0	0.00000000
0	0.00000000
0	0.00000000
0	0.00000000
0	0.00000000
0	0.00000000
0	0.00000000
0	0.00000000
0	0.00000000
0	0.00000000
0	0.00000000
0	0.00000000
0	0.00000000
0	0.00000000
0	0.00000000
0	0.00000000
0	0.00000000
0	0.00000000
0	0.00000000
0	0.00000000
0	0.00000000
0	0.00000000
0	0.00000000
0	0.00000000
0	0.00000000
0	0.00000000
0	0.00000000
0	0.00000000
0	0.00000000
0	0.00000000
0	0.00000000
0	0.00000000
0	0.00000000
0	0.00000000
0	0.00000000
0	0.00000000
0	0.00000000
0	0.00000000
0	0.00000000
0	0.00000000
0	0.00000000
0	0.00000000
0	0.00000000
0	0.00000000
0	0.00000000
0	0.00000000
0	0.00000000
0	0.00000000
0	0.00000000
0	0.00000000
0	0.00000000
0	0.00000000
0	0.00000000
0	0.00000000
0	0.00000000
0	0.00000000
0	0.00000000
0	0.00000000
0	0.00000000
0	0.00000000
0	0.00000000
0	0.00000000
0	0.00000000
0	0.00000000
0	0.00000000
0	0.00000000
0	0.00000000
0	0.00000000
0	0.00000000
0	0.00000000
0	0.00000000
0	0.00000000
0	0.00000000
0	0.00000000
0	0.00000000
0	0.00000000
0	0.00000000
0	0.00000000
0	0.00000000
0	0.00000000
0	0.00000000
0	0.00000000
0	0.00000000
0	0.00000000
0	0.00000000
0	0.00000000
0	0.00000000
0	0.00000000
0	0.00000000
0	0.00000000
0	0.00000000
0	0.00000000
0	0.00000000
0	0.00000000
0	0.00000000
0	0.00000000
0	0.00000000
0	0.00000000
0	0.00000000
0	0.00000000
0	0.00000000
0	0.00000000
0	0.00000000
0	0.00000000
0	0.00000000
0	0.00000000
0	0.00000000
0	0.00000000
0	0.00000000
0	0.00000000
0	0.00000000
0	0.00000000
0	0.00000000
0	0.00000000
0	0.00000000
0	0.00000000
0	0.00000000
0	0.00000000
0	0.00000000
0	0.00000000
0	0.00000000
0	0.00000000
0	0.00000000
0	0.00000000
0	0.00000000
0	0.00000000
0	0.00000000
0	0.00000000
0	0.00000000
0	0.00000000
0	0.00000000
0	0.00000000
0	0.00000000
0	0.00000000
0	0.00000000
0	0.00000000
0	0.00000000
0	0.00000000
0	0.00000000
0	0.00000000
0	0.00000000
0	0.00000000
0	0.00000000
0	0.00000000
0	0.00000000
0	0.00000000
0	0.00000000
0	0.00000000
0	0.00000000
0	0.00000000
0	0.00000000
0	0.00000000
0	0.00000000
0	0.00000000
0	0.00000000
0	0.00000000
0	0.00000000
0	0.00000000
0	0.00000000
0	0.00000000
0	0.00000000
0	0.00000000
0	0.00000000
0	0.00000000
0	0.00000000
0	0.00000000
0	0.00000000
0	0.00000000
0	0.00000000
0	0.00000000
0	0.00000000
0	0.00000000
0	0.00000000
0	0.00000000
0	0.00000000
0	0.00000000
0	0.00000000
0	0.00000000
0	0.00000000
0	0.00000000
0	0.00000000
0	0.00000000
0	0.00000000
0	0.00000000
0	0.00000000
0	0.00000000
0	0.00000000
0	0.00000000
0	0.00000000
0	0.00000000
0	0.00000000
0	0.00000000
0	0.00000000
0	0.00000000
0	0.00000000
0	0.00000000
0	0.00000000
0	0.00000000
0	0.00000000
0	0.00000000
0	0.00000000
0	0.00000000
0	0.00000000
0	0.00000000
0	0.00000000
0	0.00000000
0	0.00000000
0	0.00000000
0	0.00000000
0	0.00000000
0	0.00000000
0	0.00000000
0	0.00000000
0	0.00000000
0	0.00000000
0	0.00000000
0	0.00000000
0	0.00000000
0	0.00000000
0	0.00000000
0	0.00000000
0	0.00000000
0	0.00000000
0	0.00000000
0	0.00000000
0	0.00000000
0	0.00000000
0	0.00000000
0	0.00000000
0	0.00000000
0	0.00000000
0	0.00000000
0	0.00000000
0	0.00000000
0	0.00000000
0	0.00000000
0	0.00000000
0	0.00000000
0	0.00000000
0	0.00000000
0	0.00000000
0	0.00000000
0	0.00000000
0	0.00000000
0	0.00000000
0	0.00000000
0	0.00000000
0	0.00000000
0	0.00000000
0	0.00000000
0	0.00000000
0	0.00000000
0	0.00000000
0	0.00000000
0	0.00000000
0	0.00000000
0	0.00000000
0	0.00000000
0	0.00000000
0	0.00000000
0	0.00000000
0	0.00000000
0	0.00000000
0	0.00000000
0	0.00000000
0	0.00000000
0	0.00000000
0	0.00000000
0	0.00000000
0	0.00000000
0	0.00000000
0	0.00000000
0	0.00000000
0	0.00000000
0	0.00000000
0	0.00000000
0	0.00000000
0	0.00000000
0	0.00000000
0	0.00000000
0	0.00000000
0	0.00000000
0	0.00000000
0	0.00000000
0	0.00000000
0	0.00000000
0	0.00000000
0	0.00000000
0	0.00000000
0	0.00000000
0	0.00000000
0	0.00000000
0	0.00000000
0	0.00000000
0	0.00000000
0	0.00000000
0	0.00000000
0	0.00000000
0	0.00000000
0	0.00000000
0	0.00000000
0	0.00000000
0	0.00000000
0	0.00000000
0	0.00000000
0	0.00000000
0	0.00000000
0	0.00000000
0	0.00000000
0	0.00000000
0	0.00000000
0	0.00000000
0	0.00000000
0	0.00000000
0	0.00000000
0	0.00000000
0	0.00000000
0	0.00000000
0	0.00000000
0	0.00000000
0	0.00000000
0	0.00000000
0	0.00000000
0	0.00000000
0	0.00000000
0	0.00000000
0	0.00000000
0	0.00000000
0	0.00000000
0	0.00000000
0	0.00000000
0	0.00000000
0	0.00000000
0	0.00000000
0	0.00000000
0	0.00000000
0	0.00000000
0	0.00000000
0	0.00000000
0	0.00000000
0	0.00000000
0	0.00000000
0	0.00000000
0	0.00000000
0	0.00000000
0	0.00000000
0	0.00000000
0	0.00000000
0	0.00000000
0	0.00000000
0	0.00000000
0	0.00000000
0	0.00000000
0	0.00000000
0	0.00000000
0	0.00000000
0	0.00000000
0	0.00000000
0	0.00000000
0	0.00000000
0	0.00000000
0	0.00000000
0	0.00000000
0	0.00000000
0	0.00000000
0	0.00000000
0	0.00000000
0	0.00000000
0	0.00000000
0	0.00000000
0	0.00000000
0	0.00000000
0	0.00000000
0	0.00000000
0	0.00000000
0	0.00000000
0	0.00000000
0	0.00000000
0	0.00000000
0	0.00000000
0	0.00000000
0	0.00000000
0	0.00000000
0	0.00000000
0	0.00000000
0	0.00000000
0	0.00000000
0	0.00000000
0	0.00000000
0	0.00000000
0	0.00000000
0	0.00000000
0	0.00000000
0	0.00000000
0	0.00000000
0	0.00000000
0	0.00000000
0	0.00000000
0	0.00000000
0	0.00000000
0	0.00000000
0	0.00000000
0	0.00000000
0	0.00000000
0	0.00000000
0	0.00000000
0	0.00000000
0	0.00000000
0	0.00000000
0	0.00000000
