1	0.2166988648931705
2	0.1612858200775502
3	0.1234439975084289
4	0.0979024044998478
5	0.0785262090111807
6	0.0682513044105541
7	0.0618211126336366
8	0.0559823813156402
9	0.0512956684401993
10	0.0469536222967503
11	0.0427825209687872
12	0.0396572795297440
13	0.0374248851250470
14	0.0353770250241178
15	0.0334067475583006
16	0.0316849868174957
17	0.0298564628042359
18	0.0282393599556744
19	0.0271098832364967
20	0.0259657732260944
21	0.0247913342029079
22	0.0237858970832546
23	0.0228033774201585
24	0.0218139197016492
25	0.0210216139837881
26	0.0203784613527151
27	0.0197041435941737
28	0.0190229229806832
29	0.0183715070931882
30	0.0177147534556583
31	0.0171510419082555
32	0.0166720812028608
33	0.0162621343939367
34	0.0158646277301681
35	0.0154401075713519
36	0.0150082793392933
37	0.0146112871856888
38	0.0142676370010199
39	0.0139202313833016
40	0.0135808668844783
41	0.0132503046772415
42	0.0129276727741665
43	0.0126474426506694
44	0.0123797901351530
45	0.0121122179276586
46	0.0118505124145053
47	0.0116186165343056
48	0.0113775650077337
50	0.0109022582640441
52	0.0104666577397308
54	0.0100749455517443
56	0.0097094443552943
58	0.0094102229208208
60	0.0091193389058045
62	0.0088180648472593
64	0.0085493167999806
66	0.0083027352839912
68	0.0080415207075489
70	0.0078295762421016
72	0.0076153281440274
74	0.0074094203426375
76	0.0072255719882919
78	0.0070473197531857
80	0.0068729160288822
82	0.0067025489846343
84	0.0065298136124284
86	0.0063405446620354
88	0.0061636556836193
90	0.0060039240855965
92	0.0058604945735391
94	0.0057281466058225
96	0.0056045400783122
99	0.0054322147251084
102	0.0052585400459480
105	0.0051133372960195
108	0.0049648049114858
111	0.0048390698996354
114	0.0047208064976372
117	0.0046067020176698
120	0.0045063797614411
123	0.0044103244010592
126	0.0043133506748497
129	0.0042171476399632
132	0.0041276286725908
135	0.0040460768004586
138	0.0039645216597876
141	0.0038699294882005
144	0.0037835356479031
148	0.0036773793504070
152	0.0035765007482412
156	0.0034775428461144
160	0.0033862871442636
164	0.0033118715469173
168	0.0032471912322660
172	0.0031740485212214
176	0.0030980457598672
180	0.0030291618448189
184	0.0029582511629430
188	0.0028920986491266
192	0.0028447601648721
197	0.0027759360476353
202	0.0027183396877549
207	0.0026606827685961
212	0.0026029691138003
217	0.0025455639838625
222	0.0024982133898467
227	0.0024489588851396
232	0.0024003820730731
237	0.0023488993121935
242	0.0023018228563007
248	0.0022511926567552
254	0.0022074052518074
260	0.0021483672364755
266	0.0020930146691247
272	0.0020463199671278
278	0.0019962932672071
284	0.0019468825621805
290	0.0018958427158295
297	0.0018428424332084
304	0.0017948459028307
311	0.0017594150144489
318	0.0017229849002639
325	0.0016870893278041
332	0.0016452581590263
339	0.0016068105368934
347	0.0015609649450196
355	0.0015187209375133
363	0.0014761214323369
371	0.0014322924252912
379	0.0013951629566944
387	0.0013548128888957
396	0.0013082518499459
405	0.0012602108320073
414	0.0012174510137559
423	0.0011789724582997
432	0.0011446422595324
442	0.0011085711743816
452	0.0010732077751966
462	0.0010414745958036
472	0.0010170368051911
482	0.0009918607986591
493	0.0009606318445443
504	0.0009318585779025
515	0.0008979987125997
526	0.0008649815696659
538	0.0008356455818894
550	0.0008066834009233
562	0.0007824731126683
574	0.0007558904161302
587	0.0007298263289423
600	0.0007074262429951
613	0.0006876435296598
626	0.0006660551953450
640	0.0006480002476047
654	0.0006322296159573
668	0.0006183595984830
683	0.0006001972577731
698	0.0005819319397730
713	0.0005660861786578
728	0.0005513784138066
744	0.0005335056662608
760	0.0005164124395176
776	0.0004977897609940
793	0.0004837304412505
810	0.0004700401510767
828	0.0004616932841957
846	0.0004509760929985
864	0.0004401532631832
883	0.0004301137073776
902	0.0004207955965251
921	0.0004139243590944
941	0.0004076703955851
961	0.0004065685657027
982	0.0004026094194615
1003	0.0003994104404130
1025	0.0003936260118048
1047	0.0003860083384915
1069	0.0003816390434501
1092	0.0003754126269668
1115	0.0003691635229412
1139	0.0003632025155980
1163	0.0003596848122879
1188	0.0003568139206609
1213	0.0003541336441352
1239	0.0003495541729394
1266	0.0003423464758682
1293	0.0003362209025230
1321	0.0003310186271134
1349	0.0003250995159266
1378	0.0003187695812614
1407	0.0003138729084517
1437	0.0003082684586181
1468	0.0003018548539414
1499	0.0002975085418799
1531	0.0002918347838690
1564	0.0002880998637296
1597	0.0002874298097752
1631	0.0002867103345756
1666	0.0002850625254684
1701	0.0002828880972367
1737	0.0002812938014082
1774	0.0002797337560685
1812	0.0002771687306504
1851	0.0002723398807681
1890	0.0002682114799265
1930	0.0002651874973124
1971	0.0002614971625941
2013	0.0002571570333524
2056	0.0002509233528777
2100	0.0002436370550785
2145	0.0002375609794263
2191	0.0002297716212032
2238	0.0002239931616624
2285	0.0002199516737068
2333	0.0002147471790318
2382	0.0002108780594558
2433	0.0002083585380780
2485	0.0002068487917468
2538	0.0002064645174993
2592	0.0002051276274893
2647	0.0002033304027438
2703	0.0002018393815680
2760	0.0002005190202063
2818	0.0001986622450253
2878	0.0001951249851812
2939	0.0001911881587923
3001	0.0001876281833168
3065	0.0001847615517277
3130	0.0001818144998478
3196	0.0001808500811722
3264	0.0001807434514468
3333	0.0001785404078662
3403	0.0001773969539192
3475	0.0001751233456523
3548	0.0001716886357693
3623	0.0001674463721070
3700	0.0001643204579553
3778	0.0001601141038308
3858	0.0001551010808783
3940	0.0001517443321632
4023	0.0001486974727863
4108	0.0001466601007967
4195	0.0001445482641989
4284	0.0001418201797815
4374	0.0001383402695387
4466	0.0001328550999984
4560	0.0001269414683291
4656	0.0001215445024267
4754	0.0001156816447482
4854	0.0001118875333448
4956	0.0001077261044743
5061	0.0001040618445512
5168	0.0000999433803176
5277	0.0000968459375405
5388	0.0000934386512720
5502	0.0000895083315715
5618	0.0000861499385351
5736	0.0000818441909490
5857	0.0000783416937291
5980	0.0000734334844068
6106	0.0000687814986689
6235	0.0000633162287715
6366	0.0000599739411852
6500	0.0000568436948264
6637	0.0000546167909060
6777	0.0000532451485933
6920	0.0000510071302896
7066	0.0000489122196078
7215	0.0000469988030205
7367	0.0000442982144767
7522	0.0000415734637295
7680	0.0000389639537850
7842	0.0000367796978229
8007	0.0000350547788156
8176	0.0000339438982267
8348	0.0000332645551774
8524	0.0000313373311080
8704	0.0000290704095886
8887	0.0000267993063397
9074	0.0000257663262172
9265	0.0000243725224718
9460	0.0000235352574451
9659	0.0000232281991810
9862	0.0000221230329345
0	0.0000000000000000
0	0.0000000000000000
0	0.0000000000000000
0	0.0000000000000000
0	0.0000000000000000
0	0.0000000000000000
0	0.0000000000000000
0	0.0000000000000000
0	0.0000000000000000
0	0.0000000000000000
0	0.0000000000000000
0	0.0000000000000000
0	0.0000000000000000
0	0.0000000000000000
0	0.0000000000000000
0	0.0000000000000000
0	0.0000000000000000
0	0.0000000000000000
0	0.0000000000000000
0	0.0000000000000000
0	0.0000000000000000
0	0.0000000000000000
0	0.0000000000000000
0	0.0000000000000000
0	0.0000000000000000
0	0.0000000000000000
0	0.0000000000000000
0	0.0000000000000000
0	0.0000000000000000
0	0.0000000000000000
0	0.0000000000000000
0	0.0000000000000000
0	0.0000000000000000
0	0.0000000000000000
0	0.0000000000000000
0	0.0000000000000000
0	0.0000000000000000
0	0.0000000000000000
0	0.0000000000000000
0	0.0000000000000000
0	0.0000000000000000
0	0.0000000000000000
0	0.0000000000000000
0	0.0000000000000000
0	0.0000000000000000
0	0.0000000000000000
0	0.0000000000000000
0	0.0000000000000000
0	0.0000000000000000
0	0.0000000000000000
0	0.0000000000000000
0	0.0000000000000000
0	0.0000000000000000
0	0.0000000000000000
0	0.0000000000000000
0	0.0000000000000000
0	0.0000000000000000
0	0.0000000000000000
0	0.0000000000000000
0	0.0000000000000000
0	0.0000000000000000
0	0.0000000000000000
0	0.0000000000000000
0	0.0000000000000000
0	0.0000000000000000
0	0.0000000000000000
0	0.0000000000000000
0	0.0000000000000000
0	0.0000000000000000
0	0.0000000000000000
0	0.0000000000000000
0	0.0000000000000000
0	0.0000000000000000
0	0.0000000000000000
0	0.0000000000000000
0	0.0000000000000000
0	0.0000000000000000
0	0.0000000000000000
0	0.0000000000000000
0	0.0000000000000000
0	0.0000000000000000
0	0.0000000000000000
0	0.0000000000000000
0	0.0000000000000000
0	0.0000000000000000
0	0.0000000000000000
0	0.0000000000000000
0	0.0000000000000000
0	0.0000000000000000
0	0.0000000000000000
0	0.0000000000000000
0	0.0000000000000000
0	0.0000000000000000
0	0.0000000000000000
0	0.0000000000000000
0	0.0000000000000000
0	0.0000000000000000
0	0.0000000000000000
0	0.0000000000000000
0	0.0000000000000000
0	0.0000000000000000
0	0.0000000000000000
0	0.0000000000000000
0	0.0000000000000000
0	0.0000000000000000
0	0.0000000000000000
0	0.0000000000000000
0	0.0000000000000000
0	0.0000000000000000
0	0.0000000000000000
0	0.0000000000000000
0	0.0000000000000000
0	0.0000000000000000
0	0.0000000000000000
0	0.0000000000000000
0	0.0000000000000000
0	0.0000000000000000
0	0.0000000000000000
0	0.0000000000000000
0	0.0000000000000000
0	0.0000000000000000
0	0.0000000000000000
0	0.0000000000000000
0	0.0000000000000000
0	0.0000000000000000
0	0.0000000000000000
0	0.0000000000000000
0	0.0000000000000000
0	0.0000000000000000
0	0.0000000000000000
0	0.0000000000000000
0	0.0000000000000000
0	0.0000000000000000
0	0.0000000000000000
0	0.0000000000000000
0	0.0000000000000000
0	0.0000000000000000
0	0.0000000000000000
0	0.0000000000000000
0	0.0000000000000000
0	0.0000000000000000
0	0.0000000000000000
0	0.0000000000000000
0	0.0000000000000000
0	0.0000000000000000
0	0.0000000000000000
0	0.0000000000000000
0	0.0000000000000000
0	0.0000000000000000
0	0.0000000000000000
0	0.0000000000000000
0	0.0000000000000000
0	0.0000000000000000
0	0.0000000000000000
0	0.0000000000000000
0	0.0000000000000000
0	0.0000000000000000
0	0.0000000000000000
0	0.0000000000000000
0	0.0000000000000000
0	0.0000000000000000
0	0.0000000000000000
0	0.0000000000000000
0	0.0000000000000000
0	0.0000000000000000
0	0.0000000000000000
0	0.0000000000000000
0	0.0000000000000000
0	0.0000000000000000
0	0.0000000000000000
0	0.0000000000000000
0	0.0000000000000000
0	0.0000000000000000
0	0.0000000000000000
0	0.0000000000000000
0	0.0000000000000000
0	0.0000000000000000
0	0.0000000000000000
0	0.0000000000000000
0	0.0000000000000000
0	0.0000000000000000
0	0.0000000000000000
0	0.0000000000000000
0	0.0000000000000000
0	0.0000000000000000
0	0.0000000000000000
0	0.0000000000000000
0	0.0000000000000000
0	0.0000000000000000
0	0.0000000000000000
0	0.0000000000000000
0	0.0000000000000000
0	0.0000000000000000
0	0.0000000000000000
0	0.0000000000000000
0	0.0000000000000000
0	0.0000000000000000
0	0.0000000000000000
0	0.0000000000000000
0	0.0000000000000000
0	0.0000000000000000
0	0.0000000000000000
0	0.0000000000000000
0	0.0000000000000000
0	0.0000000000000000
0	0.0000000000000000
0	0.0000000000000000
0	0.0000000000000000
0	0.0000000000000000
0	0.0000000000000000
0	0.0000000000000000
0	0.0000000000000000
0	0.0000000000000000
0	0.0000000000000000
0	0.0000000000000000
0	0.0000000000000000
0	0.0000000000000000
0	0.0000000000000000
0	0.0000000000000000
0	0.0000000000000000
0	0.0000000000000000
0	0.0000000000000000
0	0.0000000000000000
0	0.0000000000000000
0	0.0000000000000000
0	0.0000000000000000
0	0.0000000000000000
0	0.0000000000000000
0	0.0000000000000000
0	0.0000000000000000
0	0.0000000000000000
0	0.0000000000000000
0	0.0000000000000000
0	0.0000000000000000
0	0.0000000000000000
0	0.0000000000000000
0	0.0000000000000000
0	0.0000000000000000
0	0.0000000000000000
0	0.0000000000000000
0	0.0000000000000000
0	0.0000000000000000
0	0.0000000000000000
0	0.0000000000000000
0	0.0000000000000000
0	0.0000000000000000
0	0.0000000000000000
0	0.0000000000000000
0	0.0000000000000000
0	0.0000000000000000
0	0.0000000000000000
0	0.0000000000000000
0	0.0000000000000000
0	0.0000000000000000
0	0.0000000000000000
0	0.0000000000000000
0	0.0000000000000000
0	0.0000000000000000
0	0.0000000000000000
0	0.0000000000000000
0	0.0000000000000000
0	0.0000000000000000
0	0.0000000000000000
0	0.0000000000000000
0	0.0000000000000000
0	0.0000000000000000
0	0.0000000000000000
0	0.0000000000000000
0	0.0000000000000000
0	0.0000000000000000
0	0.0000000000000000
0	0.0000000000000000
0	0.0000000000000000
0	0.0000000000000000
0	0.0000000000000000
0	0.0000000000000000
0	0.0000000000000000
0	0.0000000000000000
0	0.0000000000000000
0	0.0000000000000000
0	0.0000000000000000
0	0.0000000000000000
0	0.0000000000000000
0	0.0000000000000000
0	0.0000000000000000
0	0.0000000000000000
0	0.0000000000000000
0	0.0000000000000000
0	0.0000000000000000
0	0.0000000000000000
0	0.0000000000000000
0	0.0000000000000000
0	0.0000000000000000
0	0.0000000000000000
0	0.0000000000000000
0	0.0000000000000000
0	0.0000000000000000
0	0.0000000000000000
0	0.0000000000000000
0	0.0000000000000000
0	0.0000000000000000
0	0.0000000000000000
0	0.0000000000000000
0	0.0000000000000000
0	0.0000000000000000
0	0.0000000000000000
0	0.0000000000000000
0	0.0000000000000000
0	0.0000000000000000
0	0.0000000000000000
0	0.0000000000000000
0	0.0000000000000000
0	0.0000000000000000
0	0.0000000000000000
0	0.0000000000000000
0	0.0000000000000000
0	0.0000000000000000
0	0.0000000000000000
0	0.0000000000000000
0	0.0000000000000000
0	0.0000000000000000
0	0.0000000000000000
0	0.0000000000000000
0	0.0000000000000000
0	0.0000000000000000
0	0.0000000000000000
0	0.0000000000000000
0	0.0000000000000000
0	0.0000000000000000
0	0.0000000000000000
0	0.0000000000000000
0	0.0000000000000000
0	0.0000000000000000
0	0.0000000000000000
0	0.0000000000000000
0	0.0000000000000000
0	0.0000000000000000
0	0.0000000000000000
0	0.0000000000000000
0	0.0000000000000000
0	0.0000000000000000
0	0.0000000000000000
0	0.0000000000000000
0	0.0000000000000000
0	0.0000000000000000
0	0.0000000000000000
0	0.0000000000000000
0	0.0000000000000000
0	0.0000000000000000
0	0.0000000000000000
0	0.0000000000000000
0	0.0000000000000000
0	0.0000000000000000
0	0.0000000000000000
0	0.0000000000000000
0	0.0000000000000000
0	0.0000000000000000
0	0.0000000000000000
0	0.0000000000000000
0	0.0000000000000000
0	0.0000000000000000
0	0.0000000000000000
0	0.0000000000000000
0	0.0000000000000000
0	0.0000000000000000
0	0.0000000000000000
0	0.0000000000000000
0	0.0000000000000000
0	0.0000000000000000
0	0.0000000000000000
0	0.0000000000000000
0	0.0000000000000000
0	0.0000000000000000
0	0.0000000000000000
0	0.0000000000000000
0	0.0000000000000000
0	0.0000000000000000
0	0.0000000000000000
0	0.0000000000000000
0	0.0000000000000000
0	0.0000000000000000
0	0.0000000000000000
0	0.0000000000000000
0	0.0000000000000000
0	0.0000000000000000
0	0.0000000000000000
0	0.0000000000000000
0	0.0000000000000000
0	0.0000000000000000
0	0.0000000000000000
0	0.0000000000000000
0	0.0000000000000000
0	0.0000000000000000
0	0.0000000000000000
0	0.0000000000000000
0	0.0000000000000000
0	0.0000000000000000
0	0.0000000000000000
0	0.0000000000000000
0	0.0000000000000000
0	0.0000000000000000
0	0.0000000000000000
0	0.0000000000000000
0	0.0000000000000000
0	0.0000000000000000
0	0.0000000000000000
0	0.0000000000000000
0	0.0000000000000000
0	0.0000000000000000
0	0.0000000000000000
0	0.0000000000000000
0	0.0000000000000000
0	0.0000000000000000
0	0.0000000000000000
0	0.0000000000000000
0	0.0000000000000000
0	0.0000000000000000
0	0.0000000000000000
0	0.0000000000000000
0	0.0000000000000000
0	0.0000000000000000
0	0.0000000000000000
0	0.0000000000000000
0	0.0000000000000000
0	0.0000000000000000
0	0.0000000000000000
0	0.0000000000000000
0	0.0000000000000000
0	0.0000000000000000
0	0.0000000000000000
0	0.0000000000000000
0	0.0000000000000000
0	0.0000000000000000
0	0.0000000000000000
0	0.0000000000000000
0	0.0000000000000000
0	0.0000000000000000
0	0.0000000000000000
0	0.0000000000000000
0	0.0000000000000000
0	0.0000000000000000
0	0.0000000000000000
0	0.0000000000000000
0	0.0000000000000000
0	0.0000000000000000
0	0.0000000000000000
0	0.0000000000000000
0	0.0000000000000000
0	0.0000000000000000
0	0.0000000000000000
0	0.0000000000000000
0	0.0000000000000000
0	0.0000000000000000
0	0.0000000000000000
0	0.0000000000000000
0	0.0000000000000000
0	0.0000000000000000
0	0.0000000000000000
0	0.0000000000000000
0	0.0000000000000000
0	0.0000000000000000
0	0.0000000000000000
0	0.0000000000000000
0	0.0000000000000000
0	0.0000000000000000
0	0.0000000000000000
0	0.0000000000000000
0	0.0000000000000000
0	0.0000000000000000
0	0.0000000000000000
0	0.0000000000000000
0	0.0000000000000000
0	0.0000000000000000
0	0.0000000000000000
0	0.0000000000000000
0	0.0000000000000000
0	0.0000000000000000
0	0.0000000000000000
0	0.0000000000000000
0	0.0000000000000000
0	0.0000000000000000
0	0.0000000000000000
0	0.0000000000000000
0	0.0000000000000000
0	0.0000000000000000
0	0.0000000000000000
0	0.0000000000000000
0	0.0000000000000000
0	0.0000000000000000
0	0.0000000000000000
0	0.0000000000000000
0	0.0000000000000000
0	0.0000000000000000
0	0.0000000000000000
0	0.0000000000000000
0	0.0000000000000000
0	0.0000000000000000
0	0.0000000000000000
0	0.0000000000000000
0	0.0000000000000000
0	0.0000000000000000
0	0.0000000000000000
0	0.0000000000000000
0	0.0000000000000000
0	0.0000000000000000
0	0.0000000000000000
0	0.0000000000000000
0	0.0000000000000000
0	0.0000000000000000
0	0.0000000000000000
0	0.0000000000000000
0	0.0000000000000000
0	0.0000000000000000
0	0.0000000000000000
0	0.0000000000000000
0	0.0000000000000000
0	0.0000000000000000
0	0.0000000000000000
0	0.0000000000000000
0	0.0000000000000000
0	0.0000000000000000
0	0.0000000000000000
0	0.0000000000000000
0	0.0000000000000000
0	0.0000000000000000
0	0.0000000000000000
0	0.0000000000000000
0	0.0000000000000000
0	0.0000000000000000
0	0.0000000000000000
0	0.0000000000000000
0	0.0000000000000000
0	0.0000000000000000
0	0.0000000000000000
0	0.0000000000000000
0	0.0000000000000000
0	0.0000000000000000
0	0.0000000000000000
0	0.0000000000000000
0	0.0000000000000000
0	0.0000000000000000
0	0.0000000000000000
0	0.0000000000000000
0	0.0000000000000000
0	0.0000000000000000
0	0.0000000000000000
0	0.0000000000000000
0	0.0000000000000000
0	0.0000000000000000
0	0.0000000000000000
0	0.0000000000000000
0	0.0000000000000000
0	0.0000000000000000
0	0.0000000000000000
0	0.0000000000000000
0	0.0000000000000000
0	0.0000000000000000
0	0.0000000000000000
0	0.0000000000000000
0	0.0000000000000000
0	0.0000000000000000
0	0.0000000000000000
0	0.0000000000000000
0	0.0000000000000000
0	0.0000000000000000
0	0.0000000000000000
0	0.0000000000000000
0	0.0000000000000000
0	0.0000000000000000
0	0.0000000000000000
0	0.0000000000000000
0	0.0000000000000000
0	0.0000000000000000
0	0.0000000000000000
0	0.0000000000000000
0	0.0000000000000000
0	0.0000000000000000
0	0.0000000000000000
0	0.0000000000000000
0	0.0000000000000000
0	0.0000000000000000
0	0.0000000000000000
0	0.0000000000000000
0	0.0000000000000000
0	0.0000000000000000
0	0.0000000000000000
0	0.0000000000000000
0	0.0000000000000000
0	0.0000000000000000
0	0.0000000000000000
0	0.0000000000000000
0	0.0000000000000000
0	0.0000000000000000
0	0.0000000000000000
0	0.0000000000000000
0	0.0000000000000000
0	0.0000000000000000
0	0.0000000000000000
0	0.0000000000000000
0	0.0000000000000000
0	0.0000000000000000
0	0.0000000000000000
0	0.0000000000000000
0	0.0000000000000000
0	0.0000000000000000
0	0.0000000000000000
0	0.0000000000000000
0	0.0000000000000000
0	0.0000000000000000
0	0.0000000000000000
0	0.0000000000000000
0	0.0000000000000000
0	0.0000000000000000
0	0.0000000000000000
0	0.0000000000000000
0	0.0000000000000000
0	0.0000000000000000
0	0.0000000000000000
0	0.0000000000000000
0	0.0000000000000000
0	0.0000000000000000
0	0.0000000000000000
0	0.0000000000000000
0	0.0000000000000000
0	0.0000000000000000
0	0.0000000000000000
0	0.0000000000000000
0	0.0000000000000000
0	0.0000000000000000
0	0.0000000000000000
0	0.0000000000000000
0	0.0000000000000000
0	0.0000000000000000
0	0.0000000000000000
0	0.0000000000000000
0	0.0000000000000000
0	0.0000000000000000
0	0.0000000000000000
0	0.0000000000000000
0	0.0000000000000000
0	0.0000000000000000
0	0.0000000000000000
0	0.0000000000000000
0	0.0000000000000000
0	0.0000000000000000
0	0.0000000000000000
0	0.0000000000000000
0	0.0000000000000000
0	0.0000000000000000
0	0.0000000000000000
0	0.0000000000000000
0	0.0000000000000000
0	0.0000000000000000
0	0.0000000000000000
0	0.0000000000000000
0	0.0000000000000000
0	0.0000000000000000
0	0.0000000000000000
0	0.0000000000000000
0	0.0000000000000000
0	0.0000000000000000
0	0.0000000000000000
0	0.0000000000000000
0	0.0000000000000000
0	0.0000000000000000
0	0.0000000000000000
0	0.0000000000000000
0	0.0000000000000000
0	0.0000000000000000
0	0.0000000000000000
0	0.0000000000000000
0	0.0000000000000000
0	0.0000000000000000
0	0.0000000000000000
0	0.0000000000000000
0	0.0000000000000000
0	0.0000000000000000
0	0.0000000000000000
0	0.0000000000000000
0	0.0000000000000000
0	0.0000000000000000
0	0.0000000000000000
0	0.0000000000000000
0	0.0000000000000000
0	0.0000000000000000
0	0.0000000000000000
0	0.0000000000000000
0	0.0000000000000000
0	0.0000000000000000
0	0.0000000000000000
0	0.0000000000000000
0	0.0000000000000000
0	0.0000000000000000
0	0.0000000000000000
0	0.0000000000000000
0	0.0000000000000000
0	0.0000000000000000
0	0.0000000000000000
0	0.0000000000000000
0	0.0000000000000000
0	0.0000000000000000
0	0.0000000000000000
0	0.0000000000000000
0	0.0000000000000000
0	0.0000000000000000
0	0.0000000000000000
0	0.0000000000000000
0	0.0000000000000000
0	0.0000000000000000
0	0.0000000000000000
0	0.0000000000000000
0	0.0000000000000000
0	0.0000000000000000
0	0.0000000000000000
0	0.0000000000000000
0	0.0000000000000000
