1	0.6036674934643993
2	0.5066789132299081
3	0.3304424748544923
4	0.2395334619812118
5	0.1908646918660938
6	0.1491134387376757
7	0.1356010047364250
8	0.1282839818584519
9	0.1131966711074934
10	0.0998576773312683
11	0.0908816612574208
12	0.0815631139386618
13	0.0757469447768191
14	0.0736222299558702
15	0.0694406265407798
16	0.0641697189947679
17	0.0609446363714455
18	0.0570755018763339
19	0.0539113554772124
20	0.0526889931896794
21	0.0511487336299842
22	0.0486895065507393
23	0.0467594484177862
24	0.0449811679682367
25	0.0429534454605939
26	0.0418380401918168
27	0.0410030609603908
28	0.0394741231183752
29	0.0380905472832630
30	0.0369081167539950
31	0.0355243555779285
32	0.0345614037565009
33	0.0339769278841364
34	0.0330653063364659
35	0.0319969072491115
36	0.0311360812108702
37	0.0302635819910682
38	0.0294923421482828
39	0.0291000671999108
40	0.0285367769794283
41	0.0277445760795794
42	0.0271049812879151
43	0.0264577091413225
44	0.0257935550710651
45	0.0253696770109989
46	0.0249991819011783
47	0.0244087949214256
48	0.0239036188434110
50	0.0228422678297229
52	0.0221450994404382
54	0.0212731917678335
56	0.0204650543915743
58	0.0198215977531437
60	0.0191584407310503
62	0.0185370880188188
64	0.0180545843606464
66	0.0175734792969789
68	0.0170894871157245
70	0.0166074057361860
72	0.0161853685444877
74	0.0157684789660341
76	0.0153304123594591
78	0.0150114595154622
80	0.0146438606281273
82	0.0142749994243630
84	0.0139769597961779
86	0.0136425075898384
88	0.0133291069901965
90	0.0131000906992241
92	0.0128035712504333
94	0.0125285462808793
96	0.0123219317180164
99	0.0119388999575479
102	0.0116193978189717
105	0.0112972951201135
108	0.0110260596623273
111	0.0107653845405668
114	0.0105183906603951
117	0.0102783194779065
120	0.0100216616657356
123	0.0097955622202334
126	0.0095688829409975
129	0.0093677198282814
132	0.0091497804133578
135	0.0089759750263414
138	0.0087889037428134
141	0.0086244928203089
144	0.0084504312054549
148	0.0082380193502774
152	0.0080179560645124
156	0.0078311148665804
160	0.0076283739761049
164	0.0074470999596315
168	0.0072894682438474
172	0.0071180340323195
176	0.0069281754172184
180	0.0067887032634537
184	0.0066422176203463
188	0.0064947941554047
192	0.0063517404148501
197	0.0061847588496995
202	0.0060335765436571
207	0.0058980551118305
212	0.0057527862284687
217	0.0056169790341367
222	0.0054913303098630
227	0.0053559274591037
232	0.0052286601740885
237	0.0051131096526080
242	0.0049865964113804
248	0.0048667693276354
254	0.0047536428385466
260	0.0046258514780335
266	0.0045122842041156
272	0.0044093695325344
278	0.0043068936889337
284	0.0042122839646568
290	0.0041223045242998
297	0.0040338228681844
304	0.0039299825702002
311	0.0038397581732009
318	0.0037501801057226
325	0.0036631653193673
332	0.0035760611326764
339	0.0035031734426505
347	0.0034181658643775
355	0.0033333301596024
363	0.0032582903342557
371	0.0031965340933291
379	0.0031401162656595
387	0.0030838389230260
396	0.0030139892116721
405	0.0029493262832232
414	0.0028815017178076
423	0.0028192516932972
432	0.0027660393022179
442	0.0027040546660564
452	0.0026461626741072
462	0.0025954154712116
472	0.0025485200505201
482	0.0025014426663965
493	0.0024483011938326
504	0.0023963130089991
515	0.0023434490162397
526	0.0022978059722243
538	0.0022401530007164
550	0.0021912026940843
562	0.0021429196921461
574	0.0020992214767881
587	0.0020587400679291
600	0.0020209799535134
613	0.0019803296275486
626	0.0019413694367410
640	0.0018974156831132
654	0.0018587060546899
668	0.0018148463536394
683	0.0017607428727514
698	0.0017189534331732
713	0.0016768489809630
728	0.0016368436520306
744	0.0015985545196775
760	0.0015617904221751
776	0.0015272424679632
793	0.0014939685307847
810	0.0014587841245712
828	0.0014282996150135
846	0.0014011404615373
864	0.0013751792051959
883	0.0013526191873256
902	0.0013282065406250
921	0.0012989969708281
941	0.0012752038417106
961	0.0012523279732191
982	0.0012289463235942
1003	0.0012056902248730
1025	0.0011799388403663
1047	0.0011526677204717
1069	0.0011244419545831
1092	0.0010983020251144
1115	0.0010704266423469
1139	0.0010458618057351
1163	0.0010291436568643
1188	0.0010082203456017
1213	0.0009840415173880
1239	0.0009552560400576
1266	0.0009301812263799
1293	0.0009090635155201
1321	0.0008876602721832
1349	0.0008678001705560
1378	0.0008523099654600
1407	0.0008327796842334
1437	0.0008137117299140
1468	0.0007979270988877
1499	0.0007879012745012
1531	0.0007751456869902
1564	0.0007607315096226
1597	0.0007465658695022
1631	0.0007325011885849
1666	0.0007199722159633
1701	0.0007099857632297
1737	0.0007002496314641
1774	0.0006926754441426
1812	0.0006862814796074
1851	0.0006782853394152
1890	0.0006666171933870
1930	0.0006540078803407
1971	0.0006441289868682
2013	0.0006337464035251
2056	0.0006245607690807
2100	0.0006156137433331
2145	0.0006033415850005
2191	0.0005882995910864
2238	0.0005797744609367
2285	0.0005704648471481
2333	0.0005628535245916
2382	0.0005528442533932
2433	0.0005432426635669
2485	0.0005351388603527
2538	0.0005252436538302
2592	0.0005134572492482
2647	0.0005027517607863
2703	0.0004926394004450
2760	0.0004793479295385
2818	0.0004667637850795
2878	0.0004547284738529
2939	0.0004442526282897
3001	0.0004334892524717
3065	0.0004199581432329
3130	0.0004061871341449
3196	0.0003970624457010
3264	0.0003886703618461
3333	0.0003766609631539
3403	0.0003633077761911
3475	0.0003497909019733
3548	0.0003361372411627
3623	0.0003202082769118
3700	0.0003056862111968
3778	0.0002933201853624
3858	0.0002798030615101
3940	0.0002649290236570
4023	0.0002527193734262
4108	0.0002433073210298
4195	0.0002328597972070
4284	0.0002221960497855
4374	0.0002124043945212
4466	0.0002021314238522
4560	0.0001905365399598
4656	0.0001817728372590
4754	0.0001727864121756
4854	0.0001649800908438
4956	0.0001583511593572
5061	0.0001501535842035
5168	0.0001413237860613
5277	0.0001354144602238
5388	0.0001285161816726
5502	0.0001237254294634
5618	0.0001201109260982
5736	0.0001140672462258
5857	0.0001086234700387
5980	0.0001025495092453
6106	0.0000976357551301
6235	0.0000930206581961
6366	0.0000879762696633
6500	0.0000845462186551
6637	0.0000793562604197
6777	0.0000742940377294
6920	0.0000684382862864
7066	0.0000645240131748
7215	0.0000625220453981
7367	0.0000602083268972
7522	0.0000566047237767
7680	0.0000549364981883
7842	0.0000534784814508
8007	0.0000529393170250
8176	0.0000522597174106
8348	0.0000504911167249
8524	0.0000495217338649
8704	0.0000475038481108
8887	0.0000454382571267
9074	0.0000432073965008
9265	0.0000408960613133
9460	0.0000401499975864
9659	0.0000396377758846
9862	0.0000381559281874
10070	0.0000366426279870
10282	0.0000355768031052
10498	0.0000364140539662
10719	0.0000375645337977
10945	0.0000383718937355
11175	0.0000393100901800
11410	0.0000399447435478
11650	0.0000402939773125
11895	0.0000401530302036
12145	0.0000410967480711
12401	0.0000423009066560
12662	0.0000425132910317
12928	0.0000425587542918
13200	0.0000429222337363
13478	0.0000426415587613
13762	0.0000419866743832
14052	0.0000399853494223
14348	0.0000371266599819
14650	0.0000349489178091
14958	0.0000334879913150
15273	0.0000318776088801
15594	0.0000307725072913
15922	0.0000291606834964
16257	0.0000280363958553
16599	0.0000269106591793
16948	0.0000253915528456
17304	0.0000235620612457
17668	0.0000229034935846
18040	0.0000219762020346
18419	0.0000219019244412
18806	0.0000218123031015
19201	0.0000211668655700
19605	0.0000209906712288
20017	0.0000211550676916
20438	0.0000207967678096
20868	0.0000214491614775
21307	0.0000222534866015
21755	0.0000224193155068
22212	0.0000224167888614
22679	0.0000231907971196
23156	0.0000236307819373
23643	0.0000231841219522
24140	0.0000227561364234
24647	0.0000215597369221
25165	0.0000199015355289
25694	0.0000185668612079
26234	0.0000175175026008
26785	0.0000170171735974
27348	0.0000164682734997
27923	0.0000155167569174
28510	0.0000148212360432
29109	0.0000146107243767
29721	0.0000139139319548
30346	0.0000137151069148
30984	0.0000129738126107
31635	0.0000129162911906
32300	0.0000126356810412
32979	0.0000123119431405
33672	0.0000121879648163
34380	0.0000121133205999
35102	0.0000121314929281
35840	0.0000121233383444
36593	0.0000119002689178
37362	0.0000118415310824
38147	0.0000118522192442
38949	0.0000118199216089
39767	0.0000116766689490
40603	0.0000113768941077
41456	0.0000108611835874
42327	0.0000107582509604
43216	0.0000106330617770
44124	0.0000105428559456
45051	0.0000106517298411
45998	0.0000106572766851
46964	0.0000105102879056
47951	0.0000104911940728
48958	0.0000106185492485
49987	0.0000107248030822
51037	0.0000105900518539
52109	0.0000100551118457
53204	0.0000099821063281
54322	0.0000097104584932
55463	0.0000095622741058
56628	0.0000094777124317
57818	0.0000093647642933
59033	0.0000095652749887
60273	0.0000097432265440
61539	0.0000097668087104
62832	0.0000094962235053
64152	0.0000094536242178
65500	0.0000093182089656
66876	0.0000091947444360
68281	0.0000093221679890
69715	0.0000094516115904
71180	0.0000096803355941
72675	0.0000094582491650
74202	0.0000091657331218
75761	0.0000088987256070
77352	0.0000087536691312
78977	0.0000088487402098
80636	0.0000088766447005
82330	0.0000088581040661
84059	0.0000085780758396
85825	0.0000085143900276
87628	0.0000084990448107
89469	0.0000085952454299
91348	0.0000085819586423
93267	0.0000084347464414
95226	0.0000082216902978
97226	0.0000081466306700
99268	0.0000080873461837
101353	0.0000079953430389
103482	0.0000080460698124
105656	0.0000078745990149
107875	0.0000078344357674
110141	0.0000077922961995
112454	0.0000078095231216
114816	0.0000077999594906
117228	0.0000078595462686
119690	0.0000078099375459
122204	0.0000079557333082
124771	0.0000078968370893
127392	0.0000077903327135
130068	0.0000077270866673
132800	0.0000077545411578
135589	0.0000077004476167
138437	0.0000076755876914
141345	0.0000075712820467
144314	0.0000075814197886
147345	0.0000075296875337
150440	0.0000074830832107
153600	0.0000075610280471
156826	0.0000074856128533
160120	0.0000074629413240
163483	0.0000075112229252
166917	0.0000074647496405
170423	0.0000073722993804
174002	0.0000074378709626
177657	0.0000073391930966
181388	0.0000073358044853
185198	0.0000074309126695
189088	0.0000073362091639
193059	0.0000072953617581
197114	0.0000073622029176
201254	0.0000071808420857
205481	0.0000073098599141
209797	0.0000071790663589
214203	0.0000071696673256
218702	0.0000072490548023
223295	0.0000072102035118
227985	0.0000072714026704
232773	0.0000071680161757
237662	0.0000072357198580
242653	0.0000071070428257
247749	0.0000071582226026
252952	0.0000070694566688
258264	0.0000071723423490
263688	0.0000070541193399
269226	0.0000070967024605
274880	0.0000070374235922
280653	0.0000071042237299
286547	0.0000070289756463
292565	0.0000070792850892
298709	0.0000070907363311
304982	0.0000070768774543
311387	0.0000070959398342
317927	0.0000070112282292
324604	0.0000070265927727
331421	0.0000070722271746
338381	0.0000069873449257
345488	0.0000069841082430
352744	0.0000070001956825
360152	0.0000069470897994
367716	0.0000069034596612
375439	0.0000069022659571
383324	0.0000068434205296
391374	0.0000068207516270
399593	0.0000068087005314
407985	0.0000068181145002
416553	0.0000068390077232
425301	0.0000068380450920
434233	0.0000068315524424
443352	0.0000068356732984
452663	0.0000068409200729
462169	0.0000068402729758
471875	0.0000068361002073
481785	0.0000068347620197
491903	0.0000068329399396
502233	0.0000068177833392
512780	0.0000068041373944
523549	0.0000068075015173
534544	0.0000068038391363
545770	0.0000068100722845
557232	0.0000068354116364
568934	0.0000068127816715
580882	0.0000068411232446
593081	0.0000068146981065
605536	0.0000067915352540
618253	0.0000067912164269
631237	0.0000067892869028
644493	0.0000067801153353
658028	0.0000067582202258
671847	0.0000067834592875
685956	0.0000067774079596
700362	0.0000067604262416
715070	0.0000067667698475
730087	0.0000067523573492
745419	0.0000067580533539
761073	0.0000067541030847
777056	0.0000067803277126
793375	0.0000067517135825
810036	0.0000067742608048
827047	0.0000067688961534
844415	0.0000067654642105
862148	0.0000067921234039
880254	0.0000068014673680
898740	0.0000068057405362
917614	0.0000067988142777
936884	0.0000068113188627
956559	0.0000068111206991
976647	0.0000067971769570
997157	0.0000067755758188
1018098	0.0000067891344956
1039479	0.0000067940710984
1061309	0.0000067875000741
1083597	0.0000067726170859
1106353	0.0000067446203086
1129587	0.0000067293848466
1153309	0.0000067542919992
1177529	0.0000067404090053
1202258	0.0000067139225216
1227506	0.0000067429557873
1253284	0.0000067289738329
1279603	0.0000067410548143
1306475	0.0000067208284828
1333911	0.0000067253924066
1361924	0.0000067209102881
1390525	0.0000067140045868
1419727	0.0000067021623108
1449542	0.0000067002202232
1479983	0.0000066910716626
1511063	0.0000066883322096
1542796	0.0000066851462104
1575195	0.0000066744561194
1608275	0.0000066690934997
1642049	0.0000066698816235
1676533	0.0000066615681581
1711741	0.0000066630085238
1747688	0.0000066621682623
1784390	0.0000066576491624
1821863	0.0000066609170979
1860123	0.0000066599818896
1899186	0.0000066606371136
1939069	0.0000066645210440
1979790	0.0000066643624460
2021366	0.0000066652990106
2063815	0.0000066699210015
2107156	0.0000066675860325
2151407	0.0000066651947507
2196587	0.0000066663686330
2242716	0.0000066636337110
2289814	0.0000066648395876
2337901	0.0000066647379542
2386997	0.0000066667629521
2437124	0.0000066658709367
2488304	0.0000066643163981
2540559	0.0000066677650100
2593911	0.0000066669792750
2648384	0.0000066673471277
2704001	0.0000066663987063
2760786	0.0000066690857122
2818763	0.0000066612381928
2877958	0.0000066625964578
2938396	0.0000066634429537
3000103	0.0000066597538634
3063106	0.0000066593300703
3127432	0.0000066613273272
3193109	0.0000066635410902
3260165	0.0000066634353127
3328629	0.0000066607587589
3398531	0.0000066624820595
3469901	0.0000066636010832
3542769	0.0000066623438902
3617168	0.0000066614017230
3693129	0.0000066630855523
3770685	0.0000066601385054
3849870	0.0000066609620872
3930718	0.0000066594759608
4013264	0.0000066563209228
4097543	0.0000066557840834
4183592	0.0000066559442491
4271448	0.0000066574502123
4361149	0.0000066553671666
4452734	0.0000066577686711
4546242	0.0000066528115790
4641714	0.0000066512983989
4739190	0.0000066528686739
4838713	0.0000066512800480
4940326	0.0000066524458951
5044073	0.0000066515412939
5149999	0.0000066514255565
5258149	0.0000066498915595
5368571	0.0000066508010709
5481311	0.0000066521422919
5596419	0.0000066517701155
5713944	0.0000066522400658
5833937	0.0000066510604624
5956450	0.0000066514252787
6081536	0.0000066509627413
6209249	0.0000066477185776
6339644	0.0000066465249932
6472777	0.0000066484708180
6608706	0.0000066510701850
6747489	0.0000066514635842
6889187	0.0000066511939869
7033860	0.0000066496965481
7181572	0.0000066493645744
7332386	0.0000066460487911
7486367	0.0000066495523416
7643581	0.0000066508619758
7804097	0.0000066495965534
7967984	0.0000066493410757
8135312	0.0000066500392619
8306154	0.0000066484011986
8480584	0.0000066491572923
8658677	0.0000066514010227
8840510	0.0000066495479555
9026161	0.0000066496980247
9215711	0.0000066496786695
9409241	0.0000066488374818
9606836	0.0000066492563618
9808580	0.0000066503884585
0	0.0000000000000000
0	0.0000000000000000
0	0.0000000000000000
0	0.0000000000000000
0	0.0000000000000000
0	0.0000000000000000
0	0.0000000000000000
0	0.0000000000000000
0	0.0000000000000000
0	0.0000000000000000
0	0.0000000000000000
0	0.0000000000000000
0	0.0000000000000000
0	0.0000000000000000
0	0.0000000000000000
0	0.0000000000000000
0	0.0000000000000000
0	0.0000000000000000
0	0.0000000000000000
0	0.0000000000000000
0	0.0000000000000000
0	0.0000000000000000
0	0.0000000000000000
0	0.0000000000000000
0	0.0000000000000000
0	0.0000000000000000
0	0.0000000000000000
0	0.0000000000000000
0	0.0000000000000000
0	0.0000000000000000
0	0.0000000000000000
0	0.0000000000000000
0	0.0000000000000000
0	0.0000000000000000
0	0.0000000000000000
0	0.0000000000000000
0	0.0000000000000000
0	0.0000000000000000
0	0.0000000000000000
0	0.0000000000000000
0	0.0000000000000000
0	0.0000000000000000
0	0.0000000000000000
0	0.0000000000000000
0	0.0000000000000000
0	0.0000000000000000
0	0.0000000000000000
0	0.0000000000000000
0	0.0000000000000000
0	0.0000000000000000
0	0.0000000000000000
0	0.0000000000000000
0	0.0000000000000000
0	0.0000000000000000
0	0.0000000000000000
0	0.0000000000000000
0	0.0000000000000000
0	0.0000000000000000
0	0.0000000000000000
0	0.0000000000000000
0	0.0000000000000000
0	0.0000000000000000
0	0.0000000000000000
0	0.0000000000000000
0	0.0000000000000000
0	0.0000000000000000
0	0.0000000000000000
0	0.0000000000000000
0	0.0000000000000000
0	0.0000000000000000
0	0.0000000000000000
0	0.0000000000000000
0	0.0000000000000000
0	0.0000000000000000
0	0.0000000000000000
0	0.0000000000000000
0	0.0000000000000000
0	0.0000000000000000
0	0.0000000000000000
0	0.0000000000000000
0	0.0000000000000000
0	0.0000000000000000
0	0.0000000000000000
0	0.0000000000000000
0	0.0000000000000000
0	0.0000000000000000
0	0.0000000000000000
0	0.0000000000000000
0	0.0000000000000000
0	0.0000000000000000
0	0.0000000000000000
0	0.0000000000000000
0	0.0000000000000000
0	0.0000000000000000
0	0.0000000000000000
0	0.0000000000000000
0	0.0000000000000000
0	0.0000000000000000
0	0.0000000000000000
0	0.0000000000000000
0	0.0000000000000000
0	0.0000000000000000
0	0.0000000000000000
0	0.0000000000000000
0	0.0000000000000000
0	0.0000000000000000
0	0.0000000000000000
0	0.0000000000000000
0	0.0000000000000000
0	0.0000000000000000
0	0.0000000000000000
0	0.0000000000000000
0	0.0000000000000000
0	0.0000000000000000
0	0.0000000000000000
0	0.0000000000000000
0	0.0000000000000000
0	0.0000000000000000
0	0.0000000000000000
0	0.0000000000000000
0	0.0000000000000000
0	0.0000000000000000
0	0.0000000000000000
0	0.0000000000000000
0	0.0000000000000000
0	0.0000000000000000
0	0.0000000000000000
0	0.0000000000000000
0	0.0000000000000000
0	0.0000000000000000
0	0.0000000000000000
0	0.0000000000000000
0	0.0000000000000000
0	0.0000000000000000
0	0.0000000000000000
0	0.0000000000000000
0	0.0000000000000000
0	0.0000000000000000
0	0.0000000000000000
0	0.0000000000000000
0	0.0000000000000000
0	0.0000000000000000
0	0.0000000000000000
0	0.0000000000000000
0	0.0000000000000000
0	0.0000000000000000
0	0.0000000000000000
0	0.0000000000000000
0	0.0000000000000000
0	0.0000000000000000
0	0.0000000000000000
0	0.0000000000000000
0	0.0000000000000000
0	0.0000000000000000
0	0.0000000000000000
0	0.0000000000000000
0	0.0000000000000000
0	0.0000000000000000
0	0.0000000000000000
0	0.0000000000000000
0	0.0000000000000000
0	0.0000000000000000
0	0.0000000000000000
0	0.0000000000000000
0	0.0000000000000000
0	0.0000000000000000
0	0.0000000000000000
0	0.0000000000000000
0	0.0000000000000000
0	0.0000000000000000
0	0.0000000000000000
0	0.0000000000000000
0	0.0000000000000000
0	0.0000000000000000
0	0.0000000000000000
0	0.0000000000000000
0	0.0000000000000000
0	0.0000000000000000
0	0.0000000000000000
0	0.0000000000000000
0	0.0000000000000000
0	0.0000000000000000
0	0.0000000000000000
0	0.0000000000000000
0	0.0000000000000000
0	0.0000000000000000
0	0.0000000000000000
0	0.0000000000000000
0	0.0000000000000000
0	0.0000000000000000
0	0.0000000000000000
0	0.0000000000000000
0	0.0000000000000000
0	0.0000000000000000
0	0.0000000000000000
0	0.0000000000000000
0	0.0000000000000000
0	0.0000000000000000
0	0.0000000000000000
0	0.0000000000000000
0	0.0000000000000000
0	0.0000000000000000
0	0.0000000000000000
0	0.0000000000000000
0	0.0000000000000000
0	0.0000000000000000
0	0.0000000000000000
0	0.0000000000000000
0	0.0000000000000000
0	0.0000000000000000
0	0.0000000000000000
0	0.0000000000000000
0	0.0000000000000000
0	0.0000000000000000
0	0.0000000000000000
0	0.0000000000000000
0	0.0000000000000000
0	0.0000000000000000
0	0.0000000000000000
0	0.0000000000000000
0	0.0000000000000000
0	0.0000000000000000
0	0.0000000000000000
0	0.0000000000000000
0	0.0000000000000000
0	0.0000000000000000
0	0.0000000000000000
0	0.0000000000000000
0	0.0000000000000000
0	0.0000000000000000
0	0.0000000000000000
0	0.0000000000000000
0	0.0000000000000000
0	0.0000000000000000
0	0.0000000000000000
0	0.0000000000000000
0	0.0000000000000000
0	0.0000000000000000
0	0.0000000000000000
0	0.0000000000000000
0	0.0000000000000000
0	0.0000000000000000
0	0.0000000000000000
0	0.0000000000000000
0	0.0000000000000000
0	0.0000000000000000
0	0.0000000000000000
0	0.0000000000000000
0	0.0000000000000000
0	0.0000000000000000
0	0.0000000000000000
0	0.0000000000000000
0	0.0000000000000000
0	0.0000000000000000
0	0.0000000000000000
0	0.0000000000000000
0	0.0000000000000000
0	0.0000000000000000
0	0.0000000000000000
0	0.0000000000000000
0	0.0000000000000000
0	0.0000000000000000
0	0.0000000000000000
0	0.0000000000000000
0	0.0000000000000000
0	0.0000000000000000
0	0.0000000000000000
0	0.0000000000000000
0	0.0000000000000000
0	0.0000000000000000
0	0.0000000000000000
0	0.0000000000000000
0	0.0000000000000000
0	0.0000000000000000
0	0.0000000000000000
0	0.0000000000000000
0	0.0000000000000000
0	0.0000000000000000
0	0.0000000000000000
0	0.0000000000000000
0	0.0000000000000000
0	0.0000000000000000
0	0.0000000000000000
0	0.0000000000000000
0	0.0000000000000000
0	0.0000000000000000
0	0.0000000000000000
0	0.0000000000000000
0	0.0000000000000000
0	0.0000000000000000
0	0.0000000000000000
0	0.0000000000000000
0	0.0000000000000000
0	0.0000000000000000
0	0.0000000000000000
0	0.0000000000000000
0	0.0000000000000000
0	0.0000000000000000
0	0.0000000000000000
0	0.0000000000000000
0	0.0000000000000000
0	0.0000000000000000
0	0.0000000000000000
0	0.0000000000000000
0	0.0000000000000000
0	0.0000000000000000
0	0.0000000000000000
0	0.0000000000000000
0	0.0000000000000000
0	0.0000000000000000
0	0.0000000000000000
0	0.0000000000000000
0	0.0000000000000000
0	0.0000000000000000
0	0.0000000000000000
0	0.0000000000000000
0	0.0000000000000000
0	0.0000000000000000
0	0.0000000000000000
0	0.0000000000000000
0	0.0000000000000000
0	0.0000000000000000
0	0.0000000000000000
0	0.0000000000000000
0	0.0000000000000000
0	0.0000000000000000
0	0.0000000000000000
0	0.0000000000000000
0	0.0000000000000000
0	0.0000000000000000
0	0.0000000000000000
0	0.0000000000000000
0	0.0000000000000000
0	0.0000000000000000
0	0.0000000000000000
0	0.0000000000000000
0	0.0000000000000000
0	0.0000000000000000
0	0.0000000000000000
0	0.0000000000000000
0	0.0000000000000000
0	0.0000000000000000
0	0.0000000000000000
0	0.0000000000000000
0	0.0000000000000000
0	0.0000000000000000
0	0.0000000000000000
0	0.0000000000000000
0	0.0000000000000000
0	0.0000000000000000
0	0.0000000000000000
0	0.0000000000000000
0	0.0000000000000000
0	0.0000000000000000
0	0.0000000000000000
0	0.0000000000000000
0	0.0000000000000000
0	0.0000000000000000
0	0.0000000000000000
0	0.0000000000000000
0	0.0000000000000000
0	0.0000000000000000
0	0.0000000000000000
0	0.0000000000000000
0	0.0000000000000000
0	0.0000000000000000
0	0.0000000000000000
0	0.0000000000000000
0	0.0000000000000000
0	0.0000000000000000
0	0.0000000000000000
0	0.0000000000000000
0	0.0000000000000000
0	0.0000000000000000
0	0.0000000000000000
0	0.0000000000000000
0	0.0000000000000000
0	0.0000000000000000
0	0.0000000000000000
0	0.0000000000000000
0	0.0000000000000000
0	0.0000000000000000
0	0.0000000000000000
0	0.0000000000000000
